"CNTYVTD","year","D","R","total_votes","d_win","d_wasted_votes","r_wasted_votes","net_wasted_votes"
10001,4,335,1017,1352,FALSE,335,340,5
10001,8,323,918,1241,FALSE,323,297,-26
10002,4,323,1112,1435,FALSE,323,394,71
10002,8,288,1185,1473,FALSE,288,448,160
10003,4,169,559,728,FALSE,169,194,25
10003,8,130,598,728,FALSE,130,233,103
10004,4,181,536,717,FALSE,181,177,-4
10004,8,145,642,787,FALSE,145,248,103
10005,4,27,151,178,FALSE,27,61,34
10005,8,19,171,190,FALSE,19,75,56
10006,4,300,215,515,TRUE,42,215,173
10006,8,463,228,691,TRUE,117,228,111
10007,4,453,158,611,TRUE,147,158,11
10007,8,531,143,674,TRUE,193,143,-50
10008,4,70,39,109,TRUE,15,39,24
10008,8,113,26,139,TRUE,43,26,-17
10009,4,200,475,675,FALSE,200,137,-63
10009,8,214,567,781,FALSE,214,176,-38
10010,4,128,243,371,FALSE,128,57,-71
10010,8,52,274,326,FALSE,52,110,58
10011,4,173,425,598,FALSE,173,125,-48
10011,8,177,406,583,FALSE,177,114,-63
10012,4,51,96,147,FALSE,51,22,-29
10012,8,69,85,154,FALSE,69,7,-62
10013,4,188,499,687,FALSE,188,155,-33
10013,8,204,425,629,FALSE,204,110,-94
10014,4,129,314,443,FALSE,129,92,-37
10014,8,136,295,431,FALSE,136,79,-57
10015,4,102,379,481,FALSE,102,138,36
10015,8,100,425,525,FALSE,100,162,62
10016,4,142,332,474,FALSE,142,94,-48
10016,8,128,338,466,FALSE,128,104,-24
10017,4,162,401,563,FALSE,162,119,-43
10017,8,163,399,562,FALSE,163,117,-46
10018,4,344,911,1255,FALSE,344,283,-61
10018,8,292,947,1239,FALSE,292,327,35
10019,4,408,1068,1476,FALSE,408,329,-79
10019,8,350,1028,1378,FALSE,350,338,-12
10020,4,204,567,771,FALSE,204,181,-23
10020,8,176,534,710,FALSE,176,178,2
10021,4,186,760,946,FALSE,186,286,100
10021,8,187,800,987,FALSE,187,306,119
10022,4,152,478,630,FALSE,152,162,10
10022,8,154,465,619,FALSE,154,155,1
10023,4,175,467,642,FALSE,175,145,-30
10023,8,144,596,740,FALSE,144,225,81
10024,4,76,322,398,FALSE,76,122,46
10024,8,66,359,425,FALSE,66,146,80
1010101,4,57,134,191,FALSE,57,38,-19
1010101,8,33,144,177,FALSE,33,55,22
1010102,4,7,17,24,FALSE,7,4,-3
1010102,8,5,27,32,FALSE,5,10,5
1010201,4,62,153,215,FALSE,62,45,-17
1010201,8,43,164,207,FALSE,43,60,17
1010301,4,40,125,165,FALSE,40,42,2
1010301,8,60,76,136,FALSE,60,7,-53
1010401,4,48,120,168,FALSE,48,35,-13
1010401,8,46,98,144,FALSE,46,25,-21
NA,4,2,9,11,FALSE,2,3,1
NA,8,2,7,9,FALSE,2,2,0
NA,4,50,479,529,FALSE,50,214,164
NA,8,64,433,497,FALSE,64,184,120
1030002,4,56,352,408,FALSE,56,147,91
1030002,8,92,290,382,FALSE,92,98,6
1030003,4,88,219,307,FALSE,88,65,-23
1030003,8,93,181,274,FALSE,93,43,-50
1030004,4,58,255,313,FALSE,58,98,40
1030004,8,68,208,276,FALSE,68,69,1
1050001,4,147,241,388,FALSE,147,46,-101
1050001,8,140,179,319,FALSE,140,19,-121
1050002,4,93,381,474,FALSE,93,143,50
1050002,8,105,327,432,FALSE,105,110,5
1050003,4,71,435,506,FALSE,71,181,110
1050003,8,81,382,463,FALSE,81,150,69
1050004,4,162,191,353,FALSE,162,14,-148
1050004,8,186,138,324,TRUE,23,138,115
1070011,4,137,315,452,FALSE,137,88,-49
1070011,8,149,221,370,FALSE,149,35,-114
1070027,4,152,476,628,FALSE,152,161,9
1070027,8,205,368,573,FALSE,205,81,-124
1070039,4,154,347,501,FALSE,154,96,-58
1070039,8,157,253,410,FALSE,157,47,-110
1070044,4,179,509,688,FALSE,179,164,-15
1070044,8,173,379,552,FALSE,173,102,-71
NA,4,101,61,162,TRUE,19,61,42
NA,8,98,41,139,TRUE,28,41,13
NA,4,0,0,0,FALSE,0,-1,-1
NA,8,0,0,0,FALSE,0,-1,-1
1090002,4,84,112,196,FALSE,84,13,-71
1090002,8,137,60,197,TRUE,38,60,22
1090004,4,79,65,144,TRUE,6,65,59
1090004,8,104,40,144,TRUE,31,40,9
NA,4,17,23,40,FALSE,17,2,-15
NA,8,10,19,29,FALSE,10,4,-6
NA,4,93,147,240,FALSE,93,26,-67
NA,8,143,97,240,TRUE,22,97,75
110101,4,36,178,214,FALSE,36,70,34
110101,8,40,179,219,FALSE,40,69,29
110201,4,40,100,140,FALSE,40,29,-11
110201,8,25,101,126,FALSE,25,37,12
110202,4,13,73,86,FALSE,13,29,16
110202,8,10,59,69,FALSE,10,24,14
110301,4,37,165,202,FALSE,37,63,26
110301,8,23,160,183,FALSE,23,68,45
110302,4,3,21,24,FALSE,3,8,5
110302,8,2,14,16,FALSE,2,5,3
110303,4,8,42,50,FALSE,8,16,8
110303,8,3,51,54,FALSE,3,23,20
110401,4,7,117,124,FALSE,7,54,47
110401,8,12,142,154,FALSE,12,64,52
110402,4,22,91,113,FALSE,22,34,12
110402,8,11,111,122,FALSE,11,49,38
110403,4,4,17,21,FALSE,4,6,2
110403,8,2,23,25,FALSE,2,10,8
110404,4,0,22,22,FALSE,0,10,10
110404,8,0,16,16,FALSE,0,7,7
1110001,4,24,237,261,FALSE,24,106,82
1110001,8,30,197,227,FALSE,30,83,53
1110002,4,5,63,68,FALSE,5,28,23
1110002,8,1,52,53,FALSE,1,25,24
1110003,4,1,26,27,FALSE,1,12,11
1110003,8,0,22,22,FALSE,0,10,10
1110004,4,2,36,38,FALSE,2,16,14
1110004,8,3,34,37,FALSE,3,15,12
1110005,4,5,36,41,FALSE,5,15,10
1110005,8,5,27,32,FALSE,5,10,5
1110006,4,46,176,222,FALSE,46,64,18
1110006,8,44,160,204,FALSE,44,57,13
1110007,4,76,239,315,FALSE,76,81,5
1110007,8,74,163,237,FALSE,74,44,-30
1110008,4,76,394,470,FALSE,76,158,82
1110008,8,80,350,430,FALSE,80,134,54
1110009,4,70,266,336,FALSE,70,97,27
1110009,8,65,264,329,FALSE,65,99,34
1131100,4,209,75,284,TRUE,66,75,9
1131100,8,310,42,352,TRUE,133,42,-91
1131101,4,137,139,276,FALSE,137,0,-137
1131101,8,187,103,290,TRUE,41,103,62
1131102,4,395,149,544,TRUE,122,149,27
1131102,8,325,98,423,TRUE,113,98,-15
1131103,4,132,102,234,TRUE,14,102,88
1131103,8,145,66,211,TRUE,39,66,27
1131104,4,600,286,886,TRUE,156,286,130
1131104,8,718,230,948,TRUE,243,230,-13
1131105,4,507,528,1035,FALSE,507,10,-497
1131105,8,521,459,980,TRUE,30,459,429
1131106,4,90,32,122,TRUE,28,32,4
1131106,8,98,28,126,TRUE,34,28,-6
1131107,4,489,397,886,TRUE,45,397,352
1131107,8,580,350,930,TRUE,114,350,236
1131108,4,371,403,774,FALSE,371,15,-356
1131108,8,437,330,767,TRUE,53,330,277
1131109,4,363,563,926,FALSE,363,99,-264
1131109,8,404,495,899,FALSE,404,45,-359
1131110,4,641,1153,1794,FALSE,641,255,-386
1131110,8,713,1066,1779,FALSE,713,176,-537
1131111,4,567,1176,1743,FALSE,567,304,-263
1131111,8,633,1092,1725,FALSE,633,229,-404
1131112,4,431,579,1010,FALSE,431,73,-358
1131112,8,474,534,1008,FALSE,474,29,-445
1131113,4,288,454,742,FALSE,288,82,-206
1131113,8,339,417,756,FALSE,339,38,-301
1131114,4,605,1289,1894,FALSE,605,341,-264
1131114,8,687,1170,1857,FALSE,687,241,-446
1131115,4,435,1125,1560,FALSE,435,344,-91
1131115,8,482,1049,1531,FALSE,482,283,-199
1131116,4,327,803,1130,FALSE,327,237,-90
1131116,8,389,702,1091,FALSE,389,156,-233
1131117,4,678,1042,1720,FALSE,678,181,-497
1131117,8,766,944,1710,FALSE,766,88,-678
1131118,4,526,894,1420,FALSE,526,183,-343
1131118,8,553,883,1436,FALSE,553,164,-389
1131119,4,343,779,1122,FALSE,343,217,-126
1131119,8,388,763,1151,FALSE,388,187,-201
1131120,4,1553,285,1838,TRUE,633,285,-348
1131120,8,1758,156,1914,TRUE,800,156,-644
1131121,4,442,761,1203,FALSE,442,159,-283
1131121,8,537,648,1185,FALSE,537,55,-482
1131122,4,510,338,848,TRUE,85,338,253
1131122,8,562,247,809,TRUE,157,247,90
1131123,4,870,746,1616,TRUE,61,746,685
1131123,8,990,688,1678,TRUE,150,688,538
1131124,4,350,1022,1372,FALSE,350,335,-15
1131124,8,429,935,1364,FALSE,429,252,-177
1131125,4,328,233,561,TRUE,47,233,186
1131125,8,376,158,534,TRUE,108,158,50
1131126,4,66,266,332,FALSE,66,99,33
1131126,8,96,234,330,FALSE,96,68,-28
1131127,4,425,418,843,TRUE,3,418,415
1131127,8,473,353,826,TRUE,59,353,294
1131128,4,119,76,195,TRUE,21,76,55
1131128,8,141,65,206,TRUE,37,65,28
1131129,4,107,85,192,TRUE,10,85,75
1131129,8,113,75,188,TRUE,18,75,57
1131130,4,556,893,1449,FALSE,556,168,-388
1131130,8,651,749,1400,FALSE,651,48,-603
1131131,4,259,650,909,FALSE,259,195,-64
1131131,8,289,595,884,FALSE,289,152,-137
1131132,4,167,453,620,FALSE,167,142,-25
1131132,8,199,460,659,FALSE,199,130,-69
1131133,4,603,283,886,TRUE,159,283,124
1131133,8,282,161,443,TRUE,60,161,101
1131134,4,663,1051,1714,FALSE,663,193,-470
1131134,8,723,941,1664,FALSE,723,108,-615
1131135,4,655,1623,2278,FALSE,655,483,-172
1131135,8,795,1700,2495,FALSE,795,452,-343
1131136,4,402,481,883,FALSE,402,39,-363
1131136,8,473,412,885,TRUE,30,412,382
1131137,4,398,910,1308,FALSE,398,255,-143
1131137,8,440,850,1290,FALSE,440,204,-236
1131138,4,439,772,1211,FALSE,439,166,-273
1131138,8,476,771,1247,FALSE,476,147,-329
1131139,4,361,136,497,TRUE,112,136,24
1131139,8,394,128,522,TRUE,132,128,-4
1131140,4,836,969,1805,FALSE,836,66,-770
1131140,8,814,955,1769,FALSE,814,70,-744
1131141,4,496,1392,1888,FALSE,496,447,-49
1131141,8,599,1411,2010,FALSE,599,405,-194
1131142,4,225,342,567,FALSE,225,58,-167
1131142,8,243,309,552,FALSE,243,32,-211
1131143,4,837,817,1654,TRUE,9,817,808
1131143,8,967,666,1633,TRUE,150,666,516
1131144,4,357,106,463,TRUE,125,106,-19
1131144,8,333,50,383,TRUE,141,50,-91
1131145,4,477,606,1083,FALSE,477,64,-413
1131145,8,430,533,963,FALSE,430,51,-379
1131146,4,492,1235,1727,FALSE,492,371,-121
1131146,8,545,1199,1744,FALSE,545,326,-219
1131147,4,425,1037,1462,FALSE,425,305,-120
1131147,8,461,1050,1511,FALSE,461,294,-167
1131148,4,391,1304,1695,FALSE,391,456,65
1131148,8,472,1247,1719,FALSE,472,387,-85
1131149,4,1,2,3,FALSE,1,0,-1
1131149,8,1,0,1,TRUE,0,0,0
1131150,4,2,2,4,FALSE,2,-1,-3
1131150,8,0,0,0,FALSE,0,-1,-1
1131151,4,0,1,1,FALSE,0,0,0
1131151,8,1,2,3,FALSE,1,0,-1
1131200,4,114,166,280,FALSE,114,25,-89
1131200,8,160,191,351,FALSE,160,15,-145
1131201,4,738,1086,1824,FALSE,738,173,-565
1131201,8,806,1002,1808,FALSE,806,97,-709
1131202,4,1166,1389,2555,FALSE,1166,111,-1055
1131202,8,1528,1678,3206,FALSE,1528,74,-1454
1131203,4,720,660,1380,TRUE,29,660,631
1131203,8,1005,775,1780,TRUE,114,775,661
1131204,4,584,309,893,TRUE,137,309,172
1131204,8,766,298,1064,TRUE,233,298,65
1131205,4,324,936,1260,FALSE,324,305,-19
1131205,8,334,837,1171,FALSE,334,251,-83
1131206,4,152,1122,1274,FALSE,152,484,332
1131206,8,210,1095,1305,FALSE,210,442,232
1131207,4,441,2090,2531,FALSE,441,824,383
1131207,8,531,2060,2591,FALSE,531,764,233
1131208,4,349,1852,2201,FALSE,349,751,402
1131208,8,399,1785,2184,FALSE,399,692,293
1131209,4,298,1069,1367,FALSE,298,385,87
1131209,8,304,1032,1336,FALSE,304,363,59
1131210,4,917,1008,1925,FALSE,917,45,-872
1131210,8,1220,1095,2315,TRUE,62,1095,1033
1131211,4,616,781,1397,FALSE,616,82,-534
1131211,8,794,674,1468,TRUE,59,674,615
1131212,4,255,121,376,TRUE,66,121,55
1131212,8,321,146,467,TRUE,87,146,59
1131213,4,540,472,1012,TRUE,33,472,439
1131213,8,528,306,834,TRUE,110,306,196
1131214,4,362,733,1095,FALSE,362,185,-177
1131214,8,419,668,1087,FALSE,419,124,-295
1131215,4,431,1483,1914,FALSE,431,525,94
1131215,8,480,1433,1913,FALSE,480,476,-4
1131216,4,266,1022,1288,FALSE,266,377,111
1131216,8,324,906,1230,FALSE,324,290,-34
1131217,4,389,783,1172,FALSE,389,196,-193
1131217,8,381,664,1045,FALSE,381,141,-240
1131218,4,394,845,1239,FALSE,394,225,-169
1131218,8,370,764,1134,FALSE,370,196,-174
1131219,4,387,440,827,FALSE,387,26,-361
1131219,8,492,353,845,TRUE,69,353,284
1131220,4,577,1082,1659,FALSE,577,252,-325
1131220,8,553,1024,1577,FALSE,553,235,-318
1131221,4,372,230,602,TRUE,70,230,160
1131221,8,516,276,792,TRUE,119,276,157
1131222,4,282,1083,1365,FALSE,282,400,118
1131222,8,345,959,1304,FALSE,345,306,-39
1131223,4,562,397,959,TRUE,82,397,315
1131223,8,602,392,994,TRUE,104,392,288
1131224,4,886,507,1393,TRUE,189,507,318
1131224,8,944,507,1451,TRUE,218,507,289
1131225,4,301,1053,1354,FALSE,301,375,74
1131225,8,347,1001,1348,FALSE,347,326,-21
1131226,4,289,1157,1446,FALSE,289,433,144
1131226,8,411,1088,1499,FALSE,411,338,-73
1131227,4,302,984,1286,FALSE,302,340,38
1131227,8,386,810,1196,FALSE,386,211,-175
1131228,4,657,641,1298,TRUE,7,641,634
1131228,8,775,623,1398,TRUE,75,623,548
1131229,4,901,1126,2027,FALSE,901,112,-789
1131229,8,1025,993,2018,TRUE,15,993,978
1131230,4,887,910,1797,FALSE,887,11,-876
1131230,8,990,798,1788,TRUE,95,798,703
1131231,4,449,661,1110,FALSE,449,105,-344
1131231,8,513,651,1164,FALSE,513,68,-445
1131232,4,513,391,904,TRUE,60,391,331
1131232,8,566,373,939,TRUE,96,373,277
1131233,4,1379,720,2099,TRUE,329,720,391
1131233,8,1535,851,2386,TRUE,341,851,510
1131234,4,737,708,1445,TRUE,14,708,694
1131234,8,819,704,1523,TRUE,57,704,647
1131235,4,571,444,1015,TRUE,63,444,381
1131235,8,641,493,1134,TRUE,73,493,420
1131236,4,45,34,79,TRUE,5,34,29
1131236,8,57,30,87,TRUE,13,30,17
1131237,4,104,103,207,TRUE,0,103,103
1131237,8,182,153,335,TRUE,14,153,139
1131238,4,63,17,80,TRUE,22,17,-5
1131238,8,83,14,97,TRUE,34,14,-20
1131239,4,1,0,1,TRUE,0,0,0
1131239,8,0,0,0,FALSE,0,-1,-1
1131240,4,0,0,0,FALSE,0,-1,-1
1131240,8,0,0,0,FALSE,0,-1,-1
1131241,4,0,0,0,FALSE,0,-1,-1
1131241,8,0,0,0,FALSE,0,-1,-1
1131242,4,1,2,3,FALSE,1,0,-1
1131242,8,0,0,0,FALSE,0,-1,-1
1131243,4,7,22,29,FALSE,7,7,0
1131243,8,7,30,37,FALSE,7,11,4
1131244,4,2,3,5,FALSE,2,0,-2
1131244,8,0,0,0,FALSE,0,-1,-1
1131400,4,38,78,116,FALSE,38,19,-19
1131400,8,27,58,85,FALSE,27,15,-12
1131401,4,719,1520,2239,FALSE,719,400,-319
1131401,8,960,1438,2398,FALSE,960,238,-722
1131402,4,547,1100,1647,FALSE,547,276,-271
1131402,8,802,961,1763,FALSE,802,79,-723
1131403,4,0,3,3,FALSE,0,1,1
1131403,8,0,0,0,FALSE,0,-1,-1
1131404,4,422,668,1090,FALSE,422,122,-300
1131404,8,587,558,1145,TRUE,14,558,544
1131405,4,708,1648,2356,FALSE,708,469,-239
1131405,8,885,1486,2371,FALSE,885,300,-585
1131406,4,623,1019,1642,FALSE,623,197,-426
1131406,8,889,909,1798,FALSE,889,9,-880
1131407,4,727,1342,2069,FALSE,727,307,-420
1131407,8,972,1123,2095,FALSE,972,75,-897
1131408,4,384,558,942,FALSE,384,86,-298
1131408,8,471,429,900,TRUE,20,429,409
1131409,4,403,714,1117,FALSE,403,155,-248
1131409,8,563,537,1100,TRUE,12,537,525
1131410,4,0,0,0,FALSE,0,-1,-1
1131410,8,0,0,0,FALSE,0,-1,-1
1131411,4,428,572,1000,FALSE,428,71,-357
1131411,8,584,453,1037,TRUE,65,453,388
1131500,4,356,526,882,FALSE,356,84,-272
1131500,8,456,485,941,FALSE,456,14,-442
1131501,4,454,1275,1729,FALSE,454,410,-44
1131501,8,561,1176,1737,FALSE,561,307,-254
1131502,4,293,280,573,TRUE,6,280,274
1131502,8,431,252,683,TRUE,89,252,163
1131503,4,553,1008,1561,FALSE,553,227,-326
1131503,8,688,907,1595,FALSE,688,109,-579
1131504,4,23,39,62,FALSE,23,7,-16
1131504,8,37,53,90,FALSE,37,7,-30
1131505,4,432,973,1405,FALSE,432,270,-162
1131505,8,507,901,1408,FALSE,507,196,-311
1131506,4,482,1103,1585,FALSE,482,310,-172
1131506,8,687,1091,1778,FALSE,687,201,-486
1131507,4,244,543,787,FALSE,244,149,-95
1131507,8,333,451,784,FALSE,333,58,-275
1131508,4,177,280,457,FALSE,177,51,-126
1131508,8,210,265,475,FALSE,210,27,-183
1131509,4,16,20,36,FALSE,16,1,-15
1131509,8,0,4,4,FALSE,0,1,1
1131510,4,0,0,0,FALSE,0,-1,-1
1131510,8,0,0,0,FALSE,0,-1,-1
1131511,4,1,0,1,TRUE,0,0,0
1131511,8,72,57,129,TRUE,7,57,50
1131600,4,630,1274,1904,FALSE,630,321,-309
1131600,8,777,1220,1997,FALSE,777,221,-556
1131601,4,321,180,501,TRUE,70,180,110
1131601,8,254,94,348,TRUE,79,94,15
1131602,4,724,1254,1978,FALSE,724,264,-460
1131602,8,1131,1233,2364,FALSE,1131,50,-1081
1131700,4,511,868,1379,FALSE,511,178,-333
1131700,8,625,762,1387,FALSE,625,68,-557
1131701,4,315,766,1081,FALSE,315,225,-90
1131701,8,346,718,1064,FALSE,346,185,-161
1131702,4,281,1113,1394,FALSE,281,415,134
1131702,8,338,1012,1350,FALSE,338,336,-2
1131703,4,521,1539,2060,FALSE,521,508,-13
1131703,8,642,1401,2043,FALSE,642,379,-263
1131704,4,267,667,934,FALSE,267,199,-68
1131704,8,354,614,968,FALSE,354,129,-225
1131705,4,708,1129,1837,FALSE,708,210,-498
1131705,8,878,1015,1893,FALSE,878,68,-810
1131706,4,441,1103,1544,FALSE,441,330,-111
1131706,8,532,997,1529,FALSE,532,232,-300
1131707,4,488,1083,1571,FALSE,488,297,-191
1131707,8,573,998,1571,FALSE,573,212,-361
1131708,4,634,646,1280,FALSE,634,5,-629
1131708,8,759,578,1337,TRUE,90,578,488
1131709,4,612,817,1429,FALSE,612,102,-510
1131709,8,658,702,1360,FALSE,658,21,-637
1131710,4,566,739,1305,FALSE,566,86,-480
1131710,8,668,715,1383,FALSE,668,23,-645
1131711,4,637,1488,2125,FALSE,637,425,-212
1131711,8,788,1356,2144,FALSE,788,283,-505
1131712,4,437,731,1168,FALSE,437,146,-291
1131712,8,564,637,1201,FALSE,564,36,-528
1131713,4,424,920,1344,FALSE,424,247,-177
1131713,8,548,839,1387,FALSE,548,145,-403
1131714,4,316,710,1026,FALSE,316,196,-120
1131714,8,384,645,1029,FALSE,384,130,-254
1131715,4,658,1058,1716,FALSE,658,199,-459
1131715,8,889,882,1771,TRUE,3,882,879
1131716,4,605,1214,1819,FALSE,605,304,-301
1131716,8,791,1042,1833,FALSE,791,125,-666
1131717,4,724,956,1680,FALSE,724,115,-609
1131717,8,909,775,1684,TRUE,66,775,709
1131718,4,172,180,352,FALSE,172,3,-169
1131718,8,214,163,377,TRUE,25,163,138
1131719,4,1104,920,2024,TRUE,91,920,829
1131719,8,1367,729,2096,TRUE,318,729,411
1131720,4,452,323,775,TRUE,64,323,259
1131720,8,506,300,806,TRUE,102,300,198
1131721,4,553,612,1165,FALSE,553,29,-524
1131721,8,798,516,1314,TRUE,140,516,376
1131722,4,464,918,1382,FALSE,464,226,-238
1131722,8,586,783,1369,FALSE,586,98,-488
1131723,4,628,253,881,TRUE,187,253,66
1131723,8,818,180,998,TRUE,318,180,-138
1131724,4,906,662,1568,TRUE,121,662,541
1131724,8,978,478,1456,TRUE,249,478,229
1131725,4,12,15,27,FALSE,12,1,-11
1131725,8,33,21,54,TRUE,5,21,16
1131726,4,14,10,24,TRUE,1,10,9
1131726,8,9,8,17,TRUE,0,8,8
1131800,4,795,1770,2565,FALSE,795,487,-308
1131800,8,1042,1887,2929,FALSE,1042,422,-620
1131801,4,56,31,87,TRUE,12,31,19
1131801,8,162,41,203,TRUE,60,41,-19
1131802,4,860,1405,2265,FALSE,860,272,-588
1131802,8,1024,1270,2294,FALSE,1024,122,-902
1131803,4,581,959,1540,FALSE,581,188,-393
1131803,8,665,887,1552,FALSE,665,110,-555
1131804,4,281,461,742,FALSE,281,89,-192
1131804,8,281,436,717,FALSE,281,77,-204
1131805,4,576,802,1378,FALSE,576,112,-464
1131805,8,675,707,1382,FALSE,675,15,-660
1131806,4,414,847,1261,FALSE,414,216,-198
1131806,8,497,837,1334,FALSE,497,169,-328
1131807,4,606,1191,1797,FALSE,606,292,-314
1131807,8,662,1063,1725,FALSE,662,200,-462
1131808,4,746,889,1635,FALSE,746,71,-675
1131808,8,1034,797,1831,TRUE,118,797,679
1131809,4,479,723,1202,FALSE,479,121,-358
1131809,8,550,679,1229,FALSE,550,64,-486
1131810,4,411,708,1119,FALSE,411,148,-263
1131810,8,467,622,1089,FALSE,467,77,-390
1131811,4,565,1350,1915,FALSE,565,392,-173
1131811,8,655,1188,1843,FALSE,655,266,-389
1131812,4,473,1089,1562,FALSE,473,307,-166
1131812,8,574,1014,1588,FALSE,574,219,-355
1131813,4,1057,980,2037,TRUE,38,980,942
1131813,8,1345,816,2161,TRUE,264,816,552
1131814,4,788,639,1427,TRUE,74,639,565
1131814,8,1126,522,1648,TRUE,301,522,221
1131815,4,403,341,744,TRUE,30,341,311
1131815,8,498,275,773,TRUE,111,275,164
1131816,4,285,686,971,FALSE,285,200,-85
1131816,8,312,680,992,FALSE,312,183,-129
1131817,4,420,757,1177,FALSE,420,168,-252
1131817,8,522,695,1217,FALSE,522,86,-436
1131818,4,16,8,24,TRUE,3,8,5
1131818,8,14,5,19,TRUE,4,5,1
1131819,4,295,447,742,FALSE,295,75,-220
1131819,8,324,390,714,FALSE,324,32,-292
1131820,4,231,186,417,TRUE,22,186,164
1131820,8,290,149,439,TRUE,70,149,79
1131821,4,571,310,881,TRUE,130,310,180
1131821,8,630,226,856,TRUE,201,226,25
1132100,4,803,1162,1965,FALSE,803,179,-624
1132100,8,970,1126,2096,FALSE,970,77,-893
1132101,4,616,1501,2117,FALSE,616,442,-174
1132101,8,844,1378,2222,FALSE,844,266,-578
1132102,4,863,2562,3425,FALSE,863,849,-14
1132102,8,1303,2700,4003,FALSE,1303,698,-605
1132103,4,267,358,625,FALSE,267,45,-222
1132103,8,327,297,624,TRUE,14,297,283
1132104,4,750,883,1633,FALSE,750,66,-684
1132104,8,1012,889,1901,TRUE,61,889,828
1132105,4,546,659,1205,FALSE,546,56,-490
1132105,8,654,577,1231,TRUE,38,577,539
1132106,4,537,1244,1781,FALSE,537,353,-184
1132106,8,764,1151,1915,FALSE,764,193,-571
1132107,4,743,1275,2018,FALSE,743,265,-478
1132107,8,976,1083,2059,FALSE,976,53,-923
1132108,4,520,1370,1890,FALSE,520,424,-96
1132108,8,661,1269,1930,FALSE,661,303,-358
1132109,4,220,532,752,FALSE,220,155,-65
1132109,8,294,550,844,FALSE,294,127,-167
1132110,4,650,1038,1688,FALSE,650,193,-457
1132110,8,942,913,1855,TRUE,14,913,899
1132111,4,502,906,1408,FALSE,502,201,-301
1132111,8,717,793,1510,FALSE,717,37,-680
1132112,4,422,737,1159,FALSE,422,157,-265
1132112,8,617,746,1363,FALSE,617,64,-553
1132113,4,1135,1554,2689,FALSE,1135,209,-926
1132113,8,1637,1398,3035,TRUE,119,1398,1279
1132114,4,427,592,1019,FALSE,427,82,-345
1132114,8,532,478,1010,TRUE,26,478,452
1132115,4,2,10,12,FALSE,2,3,1
1132115,8,1,7,8,FALSE,1,2,1
1132116,4,440,613,1053,FALSE,440,86,-354
1132116,8,483,580,1063,FALSE,483,48,-435
1132117,4,598,852,1450,FALSE,598,126,-472
1132117,8,726,765,1491,FALSE,726,19,-707
1132118,4,658,779,1437,FALSE,658,60,-598
1132118,8,785,664,1449,TRUE,60,664,604
1132119,4,316,471,787,FALSE,316,77,-239
1132119,8,394,389,783,TRUE,2,389,387
1132120,4,430,611,1041,FALSE,430,90,-340
1132120,8,545,558,1103,FALSE,545,6,-539
1132121,4,598,845,1443,FALSE,598,123,-475
1132121,8,651,676,1327,FALSE,651,12,-639
1132122,4,115,81,196,TRUE,16,81,65
1132122,8,131,87,218,TRUE,21,87,66
1132123,4,62,93,155,FALSE,62,15,-47
1132123,8,79,91,170,FALSE,79,5,-74
1132124,4,960,553,1513,TRUE,203,553,350
1132124,8,1239,493,1732,TRUE,372,493,121
1132125,4,568,98,666,TRUE,234,98,-136
1132125,8,685,88,773,TRUE,298,88,-210
1132126,4,389,554,943,FALSE,389,82,-307
1132126,8,484,465,949,TRUE,9,465,456
1132127,4,429,962,1391,FALSE,429,266,-163
1132127,8,489,819,1308,FALSE,489,164,-325
1132128,4,343,537,880,FALSE,343,96,-247
1132128,8,368,457,825,FALSE,368,44,-324
1132129,4,203,465,668,FALSE,203,130,-73
1132129,8,205,410,615,FALSE,205,102,-103
1132130,4,0,0,0,FALSE,0,-1,-1
1132130,8,0,0,0,FALSE,0,-1,-1
1132131,4,400,725,1125,FALSE,400,162,-238
1132131,8,422,611,1033,FALSE,422,94,-328
1132132,4,1,0,1,TRUE,0,0,0
1132132,8,0,0,0,FALSE,0,-1,-1
1132133,4,682,744,1426,FALSE,682,30,-652
1132133,8,743,628,1371,TRUE,57,628,571
1132134,4,231,1035,1266,FALSE,231,401,170
1132134,8,263,967,1230,FALSE,263,351,88
1132135,4,393,1231,1624,FALSE,393,418,25
1132135,8,477,1141,1618,FALSE,477,331,-146
1132136,4,782,1094,1876,FALSE,782,155,-627
1132136,8,983,924,1907,TRUE,29,924,895
1132137,4,361,791,1152,FALSE,361,214,-147
1132137,8,371,697,1068,FALSE,371,162,-209
1132138,4,0,0,0,FALSE,0,-1,-1
1132138,8,0,0,0,FALSE,0,-1,-1
1132139,4,570,844,1414,FALSE,570,136,-434
1132139,8,672,709,1381,FALSE,672,18,-654
1132140,4,677,1200,1877,FALSE,677,261,-416
1132140,8,816,965,1781,FALSE,816,74,-742
1132141,4,476,979,1455,FALSE,476,251,-225
1132141,8,501,853,1354,FALSE,501,175,-326
1132142,4,755,770,1525,FALSE,755,7,-748
1132142,8,984,543,1527,TRUE,220,543,323
1132143,4,851,1103,1954,FALSE,851,125,-726
1132143,8,1236,1093,2329,TRUE,71,1093,1022
1132144,4,894,1106,2000,FALSE,894,105,-789
1132144,8,1247,1023,2270,TRUE,111,1023,912
1132145,4,940,1450,2390,FALSE,940,254,-686
1132145,8,1215,1351,2566,FALSE,1215,67,-1148
1132146,4,574,770,1344,FALSE,574,97,-477
1132146,8,767,655,1422,TRUE,55,655,600
1132147,4,22,14,36,TRUE,3,14,11
1132147,8,34,6,40,TRUE,13,6,-7
1132148,4,100,273,373,FALSE,100,86,-14
1132148,8,109,257,366,FALSE,109,73,-36
1132149,4,581,899,1480,FALSE,581,158,-423
1132149,8,586,755,1341,FALSE,586,84,-502
1132150,4,1,0,1,TRUE,0,0,0
1132150,8,2,0,2,TRUE,0,0,0
1132151,4,28,66,94,FALSE,28,18,-10
1132151,8,34,63,97,FALSE,34,14,-20
1132152,4,0,2,2,FALSE,0,0,0
1132152,8,0,0,0,FALSE,0,-1,-1
1132200,4,887,216,1103,TRUE,335,216,-119
1132200,8,979,139,1118,TRUE,419,139,-280
1132201,4,296,711,1007,FALSE,296,207,-89
1132201,8,338,656,994,FALSE,338,158,-180
1132202,4,333,627,960,FALSE,333,146,-187
1132202,8,377,540,917,FALSE,377,81,-296
1132203,4,951,496,1447,TRUE,227,496,269
1132203,8,1210,363,1573,TRUE,423,363,-60
1132204,4,274,83,357,TRUE,95,83,-12
1132204,8,379,35,414,TRUE,171,35,-136
1132205,4,742,153,895,TRUE,294,153,-141
1132205,8,950,94,1044,TRUE,427,94,-333
1132206,4,518,994,1512,FALSE,518,237,-281
1132206,8,650,904,1554,FALSE,650,126,-524
1132207,4,694,1183,1877,FALSE,694,244,-450
1132207,8,784,1059,1843,FALSE,784,137,-647
1132208,4,555,1450,2005,FALSE,555,447,-108
1132208,8,659,1346,2005,FALSE,659,343,-316
1132209,4,611,1416,2027,FALSE,611,402,-209
1132209,8,775,1324,2099,FALSE,775,274,-501
1132210,4,570,875,1445,FALSE,570,152,-418
1132210,8,548,789,1337,FALSE,548,120,-428
1132211,4,164,452,616,FALSE,164,143,-21
1132211,8,185,402,587,FALSE,185,108,-77
1132212,4,561,799,1360,FALSE,561,118,-443
1132212,8,657,724,1381,FALSE,657,33,-624
1132213,4,711,322,1033,TRUE,194,322,128
1132213,8,881,277,1158,TRUE,301,277,-24
1132214,4,67,98,165,FALSE,67,15,-52
1132214,8,70,70,140,FALSE,70,-1,-71
1132215,4,336,380,716,FALSE,336,21,-315
1132215,8,407,324,731,TRUE,41,324,283
1132216,4,629,1181,1810,FALSE,629,275,-354
1132216,8,746,1102,1848,FALSE,746,177,-569
1132217,4,782,901,1683,FALSE,782,59,-723
1132217,8,866,857,1723,TRUE,4,857,853
1132218,4,333,751,1084,FALSE,333,208,-125
1132218,8,402,738,1140,FALSE,402,167,-235
1132219,4,523,744,1267,FALSE,523,110,-413
1132219,8,480,641,1121,FALSE,480,80,-400
1132220,4,356,556,912,FALSE,356,99,-257
1132220,8,390,501,891,FALSE,390,55,-335
1132221,4,732,851,1583,FALSE,732,59,-673
1132221,8,813,769,1582,TRUE,21,769,748
1132222,4,786,1195,1981,FALSE,786,204,-582
1132222,8,881,1157,2038,FALSE,881,137,-744
1132223,4,346,562,908,FALSE,346,107,-239
1132223,8,419,549,968,FALSE,419,64,-355
1132224,4,558,843,1401,FALSE,558,142,-416
1132224,8,611,788,1399,FALSE,611,88,-523
1132225,4,373,385,758,FALSE,373,5,-368
1132225,8,448,325,773,TRUE,61,325,264
1132226,4,861,1207,2068,FALSE,861,172,-689
1132226,8,1006,1040,2046,FALSE,1006,16,-990
1132227,4,1,2,3,FALSE,1,0,-1
1132227,8,0,0,0,FALSE,0,-1,-1
1132228,4,1129,1172,2301,FALSE,1129,21,-1108
1132228,8,1253,1125,2378,TRUE,63,1125,1062
1132229,4,363,386,749,FALSE,363,11,-352
1132229,8,414,361,775,TRUE,26,361,335
1132230,4,832,968,1800,FALSE,832,67,-765
1132230,8,1003,912,1915,TRUE,45,912,867
1132231,4,327,222,549,TRUE,52,222,170
1132231,8,401,215,616,TRUE,92,215,123
1132232,4,253,208,461,TRUE,22,208,186
1132232,8,251,177,428,TRUE,36,177,141
1132233,4,331,315,646,TRUE,7,315,308
1132233,8,397,235,632,TRUE,80,235,155
1132234,4,661,517,1178,TRUE,71,517,446
1132234,8,769,345,1114,TRUE,211,345,134
1132235,4,682,502,1184,TRUE,89,502,413
1132235,8,844,408,1252,TRUE,217,408,191
1132236,4,255,345,600,FALSE,255,44,-211
1132236,8,304,292,596,TRUE,5,292,287
1132237,4,342,382,724,FALSE,342,19,-323
1132237,8,403,305,708,TRUE,48,305,257
1132238,4,360,357,717,TRUE,1,357,356
1132238,8,433,272,705,TRUE,80,272,192
1132239,4,518,611,1129,FALSE,518,46,-472
1132239,8,571,526,1097,TRUE,22,526,504
1132240,4,290,426,716,FALSE,290,67,-223
1132240,8,336,384,720,FALSE,336,23,-313
1132241,4,221,385,606,FALSE,221,81,-140
1132241,8,268,317,585,FALSE,268,24,-244
1132242,4,466,498,964,FALSE,466,15,-451
1132242,8,524,450,974,TRUE,36,450,414
1132243,4,543,565,1108,FALSE,543,10,-533
1132243,8,578,484,1062,TRUE,46,484,438
1132244,4,425,447,872,FALSE,425,10,-415
1132244,8,506,354,860,TRUE,75,354,279
1132245,4,72,29,101,TRUE,21,29,8
1132245,8,74,20,94,TRUE,26,20,-6
1132246,4,518,235,753,TRUE,141,235,94
1132246,8,850,196,1046,TRUE,326,196,-130
1132247,4,166,118,284,TRUE,23,118,95
1132247,8,267,103,370,TRUE,81,103,22
1132248,4,3,1,4,TRUE,0,1,1
1132248,8,4,1,5,TRUE,1,1,0
1132249,4,14,37,51,FALSE,14,11,-3
1132249,8,15,29,44,FALSE,15,6,-9
1132300,4,572,1017,1589,FALSE,572,222,-350
1132300,8,592,878,1470,FALSE,592,142,-450
1132301,4,699,1035,1734,FALSE,699,167,-532
1132301,8,812,847,1659,FALSE,812,17,-795
1132302,4,560,647,1207,FALSE,560,43,-517
1132302,8,801,583,1384,TRUE,108,583,475
1132303,4,41,8,49,TRUE,16,8,-8
1132303,8,50,7,57,TRUE,21,7,-14
1132304,4,510,1077,1587,FALSE,510,283,-227
1132304,8,724,999,1723,FALSE,724,137,-587
1132305,4,583,1283,1866,FALSE,583,349,-234
1132305,8,758,1068,1826,FALSE,758,154,-604
1132306,4,374,585,959,FALSE,374,105,-269
1132306,8,404,513,917,FALSE,404,54,-350
1132307,4,580,726,1306,FALSE,580,72,-508
1132307,8,700,614,1314,TRUE,42,614,572
1132308,4,315,522,837,FALSE,315,103,-212
1132308,8,365,416,781,FALSE,365,25,-340
1132309,4,42,15,57,TRUE,13,15,2
1132309,8,81,7,88,TRUE,36,7,-29
1132310,4,658,657,1315,TRUE,0,657,657
1132310,8,752,578,1330,TRUE,86,578,492
1132312,4,606,1080,1686,FALSE,606,236,-370
1132312,8,710,941,1651,FALSE,710,115,-595
1132313,4,707,879,1586,FALSE,707,85,-622
1132313,8,916,676,1592,TRUE,119,676,557
1132314,4,567,1205,1772,FALSE,567,318,-249
1132314,8,751,1049,1800,FALSE,751,148,-603
1132315,4,881,1481,2362,FALSE,881,299,-582
1132315,8,1158,1297,2455,FALSE,1158,69,-1089
1132316,4,409,568,977,FALSE,409,79,-330
1132316,8,464,482,946,FALSE,464,8,-456
1132317,4,340,428,768,FALSE,340,43,-297
1132317,8,452,340,792,TRUE,55,340,285
1132318,4,426,502,928,FALSE,426,37,-389
1132318,8,505,438,943,TRUE,33,438,405
1132319,4,554,1065,1619,FALSE,554,255,-299
1132319,8,645,969,1614,FALSE,645,161,-484
1132320,4,250,380,630,FALSE,250,64,-186
1132320,8,265,318,583,FALSE,265,26,-239
1132321,4,296,190,486,TRUE,52,190,138
1132321,8,382,184,566,TRUE,98,184,86
1132322,4,464,378,842,TRUE,42,378,336
1132322,8,567,312,879,TRUE,127,312,185
1132323,4,487,558,1045,FALSE,487,35,-452
1132323,8,619,492,1111,TRUE,63,492,429
1132324,4,511,720,1231,FALSE,511,104,-407
1132324,8,642,659,1301,FALSE,642,8,-634
1132325,4,644,1008,1652,FALSE,644,181,-463
1132325,8,687,904,1591,FALSE,687,108,-579
NA,4,57,124,181,FALSE,57,33,-24
NA,8,66,104,170,FALSE,66,18,-48
NA,4,205,446,651,FALSE,205,120,-85
NA,8,237,373,610,FALSE,237,67,-170
1132327,4,962,1291,2253,FALSE,962,164,-798
1132327,8,1230,1103,2333,TRUE,63,1103,1040
1132328,4,1030,1761,2791,FALSE,1030,365,-665
1132328,8,1466,1570,3036,FALSE,1466,51,-1415
1132329,4,915,1377,2292,FALSE,915,230,-685
1132329,8,1536,1172,2708,TRUE,181,1172,991
1132330,4,892,1124,2016,FALSE,892,115,-777
1132330,8,1962,1211,3173,TRUE,375,1211,836
1132331,4,7,19,26,FALSE,7,5,-2
1132331,8,5,16,21,FALSE,5,5,0
1132332,4,6,14,20,FALSE,6,3,-3
1132332,8,14,23,37,FALSE,14,4,-10
1132333,4,0,3,3,FALSE,0,1,1
1132333,8,0,0,0,FALSE,0,-1,-1
1132400,4,412,1521,1933,FALSE,412,554,142
1132400,8,640,1703,2343,FALSE,640,531,-109
1132500,4,596,1339,1935,FALSE,596,371,-225
1132500,8,732,1152,1884,FALSE,732,209,-523
1132501,4,846,1905,2751,FALSE,846,529,-317
1132501,8,1277,1868,3145,FALSE,1277,295,-982
1132502,4,619,1348,1967,FALSE,619,364,-255
1132502,8,1389,1842,3231,FALSE,1389,226,-1163
1132503,4,671,1507,2178,FALSE,671,417,-254
1132503,8,906,1337,2243,FALSE,906,215,-691
1132504,4,443,1040,1483,FALSE,443,298,-145
1132504,8,589,892,1481,FALSE,589,151,-438
1132505,4,907,3119,4026,FALSE,907,1105,198
1132505,8,1146,2953,4099,FALSE,1146,903,-243
1132506,4,424,800,1224,FALSE,424,187,-237
1132506,8,538,721,1259,FALSE,538,91,-447
1132507,4,811,1744,2555,FALSE,811,466,-345
1132507,8,1158,1574,2732,FALSE,1158,207,-951
1132600,4,193,790,983,FALSE,193,298,105
1132600,8,265,723,988,FALSE,265,228,-37
1132601,4,663,2023,2686,FALSE,663,679,16
1132601,8,873,1615,2488,FALSE,873,370,-503
1132602,4,322,988,1310,FALSE,322,332,10
1132602,8,657,1674,2331,FALSE,657,508,-149
1133000,4,915,128,1043,TRUE,393,128,-265
1133000,8,980,132,1112,TRUE,423,132,-291
1133001,4,930,191,1121,TRUE,369,191,-178
1133001,8,1002,200,1202,TRUE,400,200,-200
1133002,4,170,95,265,TRUE,37,95,58
1133002,8,220,117,337,TRUE,51,117,66
1133003,4,250,240,490,TRUE,4,240,236
1133003,8,236,239,475,FALSE,236,1,-235
1133004,4,174,128,302,TRUE,22,128,106
1133004,8,279,110,389,TRUE,84,110,26
1133005,4,171,61,232,TRUE,54,61,7
1133005,8,215,59,274,TRUE,77,59,-18
1133006,4,1533,412,1945,TRUE,560,412,-148
1133006,8,1687,383,2070,TRUE,651,383,-268
1133007,4,534,155,689,TRUE,189,155,-34
1133007,8,743,215,958,TRUE,263,215,-48
1133008,4,415,25,440,TRUE,194,25,-169
1133008,8,440,20,460,TRUE,209,20,-189
1133009,4,341,73,414,TRUE,133,73,-60
1133009,8,549,59,608,TRUE,244,59,-185
1133010,4,228,13,241,TRUE,107,13,-94
1133010,8,244,3,247,TRUE,120,3,-117
1133011,4,203,9,212,TRUE,96,9,-87
1133011,8,237,6,243,TRUE,115,6,-109
1133012,4,62,35,97,TRUE,13,35,22
1133012,8,91,13,104,TRUE,38,13,-25
1133013,4,315,11,326,TRUE,151,11,-140
1133013,8,316,9,325,TRUE,153,9,-144
1133014,4,277,16,293,TRUE,130,16,-114
1133014,8,315,7,322,TRUE,153,7,-146
1133015,4,15,4,19,TRUE,5,4,-1
1133015,8,10,2,12,TRUE,3,2,-1
1133016,4,879,52,931,TRUE,413,52,-361
1133016,8,1088,20,1108,TRUE,533,20,-513
1133100,4,221,32,253,TRUE,94,32,-62
1133100,8,253,18,271,TRUE,117,18,-99
1133101,4,596,137,733,TRUE,229,137,-92
1133101,8,817,101,918,TRUE,357,101,-256
1133102,4,802,118,920,TRUE,341,118,-223
1133102,8,807,100,907,TRUE,353,100,-253
1133103,4,958,361,1319,TRUE,298,361,63
1133103,8,1051,313,1364,TRUE,368,313,-55
1133200,4,700,281,981,TRUE,209,281,72
1133200,8,987,375,1362,TRUE,305,375,70
1133201,4,103,47,150,TRUE,27,47,20
1133201,8,179,47,226,TRUE,65,47,-18
1133202,4,306,513,819,FALSE,306,103,-203
1133202,8,547,661,1208,FALSE,547,56,-491
1133203,4,70,106,176,FALSE,70,17,-53
1133203,8,104,124,228,FALSE,104,9,-95
1133204,4,437,256,693,TRUE,90,256,166
1133204,8,1099,493,1592,TRUE,302,493,191
1133205,4,308,18,326,TRUE,144,18,-126
1133205,8,418,13,431,TRUE,202,13,-189
1133206,4,572,423,995,TRUE,74,423,349
1133206,8,770,448,1218,TRUE,160,448,288
1133207,4,118,269,387,FALSE,118,75,-43
1133207,8,199,264,463,FALSE,199,32,-167
1133208,4,964,470,1434,TRUE,246,470,224
1133208,8,1222,456,1678,TRUE,382,456,74
1133209,4,921,579,1500,TRUE,170,579,409
1133209,8,1051,572,1623,TRUE,239,572,333
1133210,4,557,404,961,TRUE,76,404,328
1133210,8,854,376,1230,TRUE,238,376,138
1133211,4,727,379,1106,TRUE,173,379,206
1133211,8,874,346,1220,TRUE,263,346,83
1133212,4,345,131,476,TRUE,106,131,25
1133212,8,444,91,535,TRUE,176,91,-85
1133213,4,475,277,752,TRUE,98,277,179
1133213,8,566,235,801,TRUE,165,235,70
1133214,4,348,239,587,TRUE,54,239,185
1133214,8,431,237,668,TRUE,96,237,141
1133215,4,1,3,4,FALSE,1,0,-1
1133215,8,1,4,5,FALSE,1,1,0
1133216,4,96,22,118,TRUE,36,22,-14
1133216,8,152,21,173,TRUE,65,21,-44
1133217,4,177,65,242,TRUE,55,65,10
1133217,8,213,63,276,TRUE,74,63,-11
1133218,4,711,527,1238,TRUE,91,527,436
1133218,8,800,450,1250,TRUE,174,450,276
1133219,4,345,81,426,TRUE,131,81,-50
1133219,8,320,66,386,TRUE,126,66,-60
1133220,4,955,888,1843,TRUE,33,888,855
1133220,8,1048,751,1799,TRUE,148,751,603
1133300,4,63,27,90,TRUE,17,27,10
1133300,8,84,16,100,TRUE,33,16,-17
1133301,4,403,272,675,TRUE,65,272,207
1133301,8,537,203,740,TRUE,166,203,37
1133302,4,1263,572,1835,TRUE,345,572,227
1133302,8,1550,508,2058,TRUE,520,508,-12
1133303,4,309,209,518,TRUE,49,209,160
1133303,8,323,171,494,TRUE,75,171,96
1133304,4,306,31,337,TRUE,137,31,-106
1133304,8,298,6,304,TRUE,145,6,-139
1133305,4,214,77,291,TRUE,68,77,9
1133305,8,259,79,338,TRUE,89,79,-10
1133306,4,10,0,10,TRUE,4,0,-4
1133306,8,2,1,3,TRUE,0,1,1
1133307,4,1,1,2,FALSE,1,-1,-2
1133307,8,0,0,0,FALSE,0,-1,-1
1133308,4,1464,292,1756,TRUE,585,292,-293
1133308,8,1665,199,1864,TRUE,732,199,-533
1133309,4,590,337,927,TRUE,126,337,211
1133309,8,733,256,989,TRUE,238,256,18
1133310,4,839,206,1045,TRUE,316,206,-110
1133310,8,1151,150,1301,TRUE,500,150,-350
1133311,4,737,279,1016,TRUE,228,279,51
1133311,8,949,197,1146,TRUE,375,197,-178
1133312,4,746,305,1051,TRUE,220,305,85
1133312,8,796,233,1029,TRUE,281,233,-48
1133313,4,931,181,1112,TRUE,374,181,-193
1133313,8,1032,141,1173,TRUE,445,141,-304
1133314,4,711,139,850,TRUE,285,139,-146
1133314,8,797,71,868,TRUE,362,71,-291
1133315,4,575,104,679,TRUE,235,104,-131
1133315,8,661,69,730,TRUE,295,69,-226
1133316,4,525,161,686,TRUE,181,161,-20
1133316,8,598,129,727,TRUE,234,129,-105
1133317,4,377,186,563,TRUE,95,186,91
1133317,8,432,111,543,TRUE,160,111,-49
1133318,4,888,427,1315,TRUE,230,427,197
1133318,8,984,306,1290,TRUE,338,306,-32
1133319,4,1452,302,1754,TRUE,574,302,-272
1133319,8,1696,220,1916,TRUE,737,220,-517
1133320,4,10,7,17,TRUE,1,7,6
1133320,8,14,11,25,TRUE,1,11,10
1133321,4,1169,156,1325,TRUE,506,156,-350
1133321,8,1391,88,1479,TRUE,651,88,-563
1133322,4,403,169,572,TRUE,116,169,53
1133322,8,442,131,573,TRUE,155,131,-24
1133323,4,433,267,700,TRUE,82,267,185
1133323,8,522,204,726,TRUE,158,204,46
1133324,4,140,63,203,TRUE,38,63,25
1133324,8,142,50,192,TRUE,45,50,5
1133325,4,927,213,1140,TRUE,356,213,-143
1133325,8,1110,137,1247,TRUE,486,137,-349
1133326,4,8,4,12,TRUE,1,4,3
1133326,8,16,4,20,TRUE,5,4,-1
1133327,4,84,22,106,TRUE,30,22,-8
1133327,8,96,20,116,TRUE,37,20,-17
1133328,4,160,88,248,TRUE,35,88,53
1133328,8,192,60,252,TRUE,65,60,-5
1133329,4,870,260,1130,TRUE,304,260,-44
1133329,8,1007,212,1219,TRUE,397,212,-185
1133330,4,77,97,174,FALSE,77,9,-68
1133330,8,97,66,163,TRUE,15,66,51
1133331,4,1260,153,1413,TRUE,553,153,-400
1133331,8,1545,90,1635,TRUE,727,90,-637
1133332,4,35,43,78,FALSE,35,3,-32
1133332,8,54,28,82,TRUE,12,28,16
1133333,4,13,11,24,TRUE,0,11,11
1133333,8,19,4,23,TRUE,7,4,-3
1133334,4,138,157,295,FALSE,138,9,-129
1133334,8,310,150,460,TRUE,79,150,71
1133335,4,426,283,709,TRUE,71,283,212
1133335,8,498,210,708,TRUE,143,210,67
1133336,4,63,97,160,FALSE,63,16,-47
1133336,8,106,70,176,TRUE,17,70,53
1133337,4,273,458,731,FALSE,273,92,-181
1133337,8,347,351,698,FALSE,347,1,-346
1133338,4,38,78,116,FALSE,38,19,-19
1133338,8,49,55,104,FALSE,49,2,-47
1133339,4,125,149,274,FALSE,125,11,-114
1133339,8,141,122,263,TRUE,9,122,113
1133340,4,314,166,480,TRUE,73,166,93
1133340,8,498,145,643,TRUE,176,145,-31
1133341,4,322,35,357,TRUE,143,35,-108
1133341,8,341,27,368,TRUE,156,27,-129
1133342,4,1022,33,1055,TRUE,494,33,-461
1133342,8,1111,11,1122,TRUE,549,11,-538
1133343,4,460,13,473,TRUE,223,13,-210
1133343,8,456,5,461,TRUE,225,5,-220
1133344,4,231,33,264,TRUE,98,33,-65
1133344,8,280,25,305,TRUE,127,25,-102
1133345,4,834,102,936,TRUE,365,102,-263
1133345,8,836,52,888,TRUE,391,52,-339
1133346,4,561,17,578,TRUE,271,17,-254
1133346,8,569,4,573,TRUE,282,4,-278
1133347,4,798,12,810,TRUE,392,12,-380
1133347,8,875,7,882,TRUE,433,7,-426
1133348,4,725,23,748,TRUE,350,23,-327
1133348,8,785,6,791,TRUE,389,6,-383
1133349,4,619,25,644,TRUE,296,25,-271
1133349,8,743,4,747,TRUE,369,4,-365
1133350,4,326,11,337,TRUE,157,11,-146
1133350,8,289,3,292,TRUE,142,3,-139
1133351,4,419,12,431,TRUE,203,12,-191
1133351,8,441,3,444,TRUE,218,3,-215
1133352,4,806,36,842,TRUE,384,36,-348
1133352,8,873,11,884,TRUE,430,11,-419
1133353,4,711,29,740,TRUE,340,29,-311
1133353,8,756,7,763,TRUE,374,7,-367
1133354,4,443,31,474,TRUE,205,31,-174
1133354,8,459,14,473,TRUE,222,14,-208
1133355,4,5,0,5,TRUE,2,0,-2
1133355,8,8,1,9,TRUE,3,1,-2
1133356,4,102,96,198,TRUE,2,96,94
1133356,8,149,84,233,TRUE,32,84,52
1133357,4,216,200,416,TRUE,7,200,193
1133357,8,348,182,530,TRUE,82,182,100
1133400,4,40,47,87,FALSE,40,3,-37
1133400,8,78,41,119,TRUE,18,41,23
1133401,4,115,85,200,TRUE,14,85,71
1133401,8,108,69,177,TRUE,19,69,50
1133402,4,84,135,219,FALSE,84,25,-59
1133402,8,97,105,202,FALSE,97,3,-94
1133403,4,531,422,953,TRUE,54,422,368
1133403,8,755,325,1080,TRUE,214,325,111
1133404,4,410,383,793,TRUE,13,383,370
1133404,8,637,290,927,TRUE,173,290,117
1133405,4,83,124,207,FALSE,83,20,-63
1133405,8,81,111,192,FALSE,81,14,-67
1133406,4,584,687,1271,FALSE,584,51,-533
1133406,8,867,597,1464,TRUE,134,597,463
1133407,4,5,0,5,TRUE,2,0,-2
1133407,8,0,0,0,FALSE,0,-1,-1
1133408,4,1,0,1,TRUE,0,0,0
1133408,8,0,0,0,FALSE,0,-1,-1
1133409,4,178,102,280,TRUE,37,102,65
1133409,8,269,75,344,TRUE,96,75,-21
1133500,4,200,87,287,TRUE,56,87,31
1133500,8,337,59,396,TRUE,138,59,-79
1133501,4,324,102,426,TRUE,110,102,-8
1133501,8,393,84,477,TRUE,154,84,-70
1133502,4,299,12,311,TRUE,143,12,-131
1133502,8,294,7,301,TRUE,143,7,-136
1133503,4,2,0,2,TRUE,0,0,0
1133503,8,5,0,5,TRUE,2,0,-2
1133504,4,0,0,0,FALSE,0,-1,-1
1133504,8,0,0,0,FALSE,0,-1,-1
1133505,4,643,46,689,TRUE,298,46,-252
1133505,8,695,15,710,TRUE,339,15,-324
1133506,4,897,50,947,TRUE,423,50,-373
1133506,8,940,15,955,TRUE,462,15,-447
1133507,4,73,14,87,TRUE,29,14,-15
1133507,8,52,12,64,TRUE,19,12,-7
1133508,4,80,22,102,TRUE,28,22,-6
1133508,8,84,22,106,TRUE,30,22,-8
1133509,4,234,24,258,TRUE,104,24,-80
1133509,8,251,17,268,TRUE,116,17,-99
1133510,4,306,70,376,TRUE,117,70,-47
1133510,8,369,44,413,TRUE,162,44,-118
1133511,4,71,29,100,TRUE,20,29,9
1133511,8,76,23,99,TRUE,26,23,-3
1133512,4,1060,110,1170,TRUE,474,110,-364
1133512,8,1159,85,1244,TRUE,536,85,-451
1133513,4,503,48,551,TRUE,227,48,-179
1133513,8,579,20,599,TRUE,279,20,-259
1133514,4,689,37,726,TRUE,325,37,-288
1133514,8,709,14,723,TRUE,347,14,-333
1133515,4,881,56,937,TRUE,412,56,-356
1133515,8,895,20,915,TRUE,437,20,-417
1133516,4,1400,60,1460,TRUE,669,60,-609
1133516,8,1514,17,1531,TRUE,748,17,-731
1133517,4,559,23,582,TRUE,267,23,-244
1133517,8,710,16,726,TRUE,346,16,-330
1133518,4,584,83,667,TRUE,250,83,-167
1133518,8,662,66,728,TRUE,297,66,-231
1133519,4,473,59,532,TRUE,206,59,-147
1133519,8,537,56,593,TRUE,240,56,-184
1133520,4,355,32,387,TRUE,161,32,-129
1133520,8,427,22,449,TRUE,202,22,-180
1133521,4,880,52,932,TRUE,413,52,-361
1133521,8,919,24,943,TRUE,447,24,-423
1133522,4,455,16,471,TRUE,219,16,-203
1133522,8,515,9,524,TRUE,252,9,-243
1133523,4,836,47,883,TRUE,394,47,-347
1133523,8,939,18,957,TRUE,460,18,-442
1133524,4,1189,41,1230,TRUE,573,41,-532
1133524,8,1296,15,1311,TRUE,640,15,-625
1133525,4,1290,51,1341,TRUE,619,51,-568
1133525,8,1377,17,1394,TRUE,679,17,-662
1133526,4,261,16,277,TRUE,122,16,-106
1133526,8,323,5,328,TRUE,158,5,-153
1133527,4,1098,278,1376,TRUE,409,278,-131
1133527,8,1243,194,1437,TRUE,524,194,-330
1133528,4,478,574,1052,FALSE,478,47,-431
1133528,8,674,604,1278,TRUE,34,604,570
1133529,4,1596,88,1684,TRUE,753,88,-665
1133529,8,1688,72,1760,TRUE,807,72,-735
1133530,4,1360,59,1419,TRUE,650,59,-591
1133530,8,1529,13,1542,TRUE,757,13,-744
1133531,4,1079,52,1131,TRUE,513,52,-461
1133531,8,1257,15,1272,TRUE,620,15,-605
1133532,4,541,23,564,TRUE,258,23,-235
1133532,8,563,14,577,TRUE,274,14,-260
1133533,4,1492,54,1546,TRUE,718,54,-664
1133533,8,1575,17,1592,TRUE,778,17,-761
1133534,4,1686,200,1886,TRUE,742,200,-542
1133534,8,2175,127,2302,TRUE,1023,127,-896
1133535,4,1736,173,1909,TRUE,781,173,-608
1133535,8,1871,85,1956,TRUE,892,85,-807
1133536,4,1414,244,1658,TRUE,584,244,-340
1133536,8,1581,147,1728,TRUE,716,147,-569
1133537,4,1499,216,1715,TRUE,641,216,-425
1133537,8,1639,102,1741,TRUE,768,102,-666
1133538,4,1253,183,1436,TRUE,534,183,-351
1133538,8,1456,108,1564,TRUE,673,108,-565
1133539,4,1380,68,1448,TRUE,655,68,-587
1133539,8,1534,26,1560,TRUE,753,26,-727
1133540,4,887,34,921,TRUE,426,34,-392
1133540,8,932,8,940,TRUE,461,8,-453
1133541,4,1116,50,1166,TRUE,532,50,-482
1133541,8,1171,17,1188,TRUE,576,17,-559
1133542,4,785,32,817,TRUE,376,32,-344
1133542,8,922,5,927,TRUE,458,5,-453
1133543,4,1191,56,1247,TRUE,567,56,-511
1133543,8,1545,18,1563,TRUE,763,18,-745
1133544,4,1522,120,1642,TRUE,700,120,-580
1133544,8,2073,59,2132,TRUE,1006,59,-947
1133545,4,1291,102,1393,TRUE,594,102,-492
1133545,8,1592,25,1617,TRUE,783,25,-758
1133546,4,1508,85,1593,TRUE,711,85,-626
1133546,8,1626,31,1657,TRUE,797,31,-766
1133547,4,1214,74,1288,TRUE,569,74,-495
1133547,8,1320,21,1341,TRUE,649,21,-628
1133548,4,896,71,967,TRUE,412,71,-341
1133548,8,1518,30,1548,TRUE,743,30,-713
1133549,4,904,66,970,TRUE,418,66,-352
1133549,8,1747,38,1785,TRUE,854,38,-816
1133550,4,1053,68,1121,TRUE,492,68,-424
1133550,8,1330,20,1350,TRUE,654,20,-634
1133551,4,1561,61,1622,TRUE,749,61,-688
1133551,8,1693,29,1722,TRUE,831,29,-802
1133552,4,907,27,934,TRUE,439,27,-412
1133552,8,983,7,990,TRUE,487,7,-480
1133553,4,749,39,788,TRUE,354,39,-315
1133553,8,805,10,815,TRUE,397,10,-387
1133554,4,103,9,112,TRUE,46,9,-37
1133554,8,110,5,115,TRUE,52,5,-47
1133555,4,133,73,206,TRUE,29,73,44
1133555,8,208,59,267,TRUE,74,59,-15
1133556,4,10,8,18,TRUE,0,8,8
1133556,8,12,7,19,TRUE,2,7,5
1133600,4,501,403,904,TRUE,48,403,355
1133600,8,798,336,1134,TRUE,230,336,106
1133601,4,579,578,1157,TRUE,0,578,578
1133601,8,999,405,1404,TRUE,296,405,109
1133602,4,199,143,342,TRUE,27,143,116
1133602,8,352,105,457,TRUE,123,105,-18
1133603,4,79,93,172,FALSE,79,6,-73
1133603,8,96,77,173,TRUE,9,77,68
1133604,4,1032,780,1812,TRUE,125,780,655
1133604,8,1354,602,1956,TRUE,375,602,227
1133605,4,1150,591,1741,TRUE,279,591,312
1133605,8,1576,444,2020,TRUE,565,444,-121
1133606,4,1328,277,1605,TRUE,525,277,-248
1133606,8,1578,149,1727,TRUE,714,149,-565
1133607,4,1633,616,2249,TRUE,508,616,108
1133607,8,3200,407,3607,TRUE,1396,407,-989
1133608,4,701,267,968,TRUE,216,267,51
1133608,8,975,197,1172,TRUE,388,197,-191
1133609,4,923,621,1544,TRUE,150,621,471
1133609,8,1245,435,1680,TRUE,404,435,31
1133610,4,181,190,371,FALSE,181,4,-177
1133610,8,226,145,371,TRUE,40,145,105
1133611,4,333,393,726,FALSE,333,29,-304
1133611,8,423,299,722,TRUE,61,299,238
1133612,4,1423,651,2074,TRUE,385,651,266
1133612,8,1966,370,2336,TRUE,797,370,-427
1133613,4,209,226,435,FALSE,209,8,-201
1133613,8,263,200,463,TRUE,31,200,169
1133614,4,337,118,455,TRUE,109,118,9
1133614,8,508,85,593,TRUE,211,85,-126
1133615,4,788,319,1107,TRUE,234,319,85
1133615,8,1240,214,1454,TRUE,512,214,-298
1133616,4,189,101,290,TRUE,43,101,58
1133616,8,355,67,422,TRUE,143,67,-76
1133617,4,606,137,743,TRUE,234,137,-97
1133617,8,933,78,1011,TRUE,427,78,-349
1133618,4,18,22,40,FALSE,18,1,-17
1133618,8,80,22,102,TRUE,28,22,-6
1133619,4,69,77,146,FALSE,69,3,-66
1133619,8,81,51,132,TRUE,14,51,37
1133620,4,41,34,75,TRUE,3,34,31
1133620,8,35,39,74,FALSE,35,1,-34
1133700,4,982,727,1709,TRUE,127,727,600
1133700,8,2034,538,2572,TRUE,747,538,-209
1133800,4,744,243,987,TRUE,250,243,-7
1133800,8,2164,191,2355,TRUE,986,191,-795
1133801,4,128,65,193,TRUE,31,65,34
1133801,8,133,66,199,TRUE,33,66,33
1133802,4,1424,274,1698,TRUE,574,274,-300
1133802,8,1722,172,1894,TRUE,774,172,-602
1133803,4,1504,298,1802,TRUE,602,298,-304
1133803,8,2333,186,2519,TRUE,1073,186,-887
1133804,4,40,28,68,TRUE,5,28,23
1133804,8,33,23,56,TRUE,4,23,19
1133805,4,170,103,273,TRUE,33,103,70
1133805,8,180,65,245,TRUE,57,65,8
1133806,4,1949,312,2261,TRUE,818,312,-506
1133806,8,2746,170,2916,TRUE,1287,170,-1117
1133807,4,238,50,288,TRUE,93,50,-43
1133807,8,430,30,460,TRUE,199,30,-169
1133808,4,671,457,1128,TRUE,106,457,351
1133808,8,1064,301,1365,TRUE,381,301,-80
1133809,4,772,1163,1935,FALSE,772,195,-577
1133809,8,1170,964,2134,TRUE,102,964,862
1133810,4,0,0,0,FALSE,0,-1,-1
1133810,8,3,1,4,TRUE,0,1,1
1133900,4,563,1131,1694,FALSE,563,283,-280
1133900,8,876,1053,1929,FALSE,876,88,-788
1133901,4,456,742,1198,FALSE,456,142,-314
1133901,8,577,755,1332,FALSE,577,88,-489
1133902,4,1,1,2,FALSE,1,-1,-2
1133902,8,0,0,0,FALSE,0,-1,-1
1133903,4,413,394,807,TRUE,9,394,385
1133903,8,526,311,837,TRUE,107,311,204
1133904,4,567,305,872,TRUE,130,305,175
1133904,8,747,238,985,TRUE,254,238,-16
1133905,4,1,0,1,TRUE,0,0,0
1133905,8,0,0,0,FALSE,0,-1,-1
1134100,4,507,1238,1745,FALSE,507,365,-142
1134100,8,852,1206,2058,FALSE,852,176,-676
1134101,4,714,502,1216,TRUE,105,502,397
1134101,8,910,403,1313,TRUE,253,403,150
1134102,4,82,168,250,FALSE,82,42,-40
1134102,8,229,138,367,TRUE,45,138,93
1134103,4,1237,621,1858,TRUE,307,621,314
1134103,8,1457,403,1860,TRUE,526,403,-123
1134104,4,418,903,1321,FALSE,418,242,-176
1134104,8,514,830,1344,FALSE,514,157,-357
1134105,4,1543,759,2302,TRUE,391,759,368
1134105,8,2947,602,3549,TRUE,1172,602,-570
1134106,4,1645,961,2606,TRUE,341,961,620
1134106,8,2295,759,3054,TRUE,767,759,-8
1134107,4,788,636,1424,TRUE,75,636,561
1134107,8,1158,549,1707,TRUE,304,549,245
NA,4,0,0,0,FALSE,0,-1,-1
NA,8,0,0,0,FALSE,0,-1,-1
NA,4,1,0,1,TRUE,0,0,0
NA,8,0,0,0,FALSE,0,-1,-1
1134109,4,866,601,1467,TRUE,132,601,469
1134109,8,1563,444,2007,TRUE,559,444,-115
1134110,4,824,415,1239,TRUE,204,415,211
1134110,8,1411,287,1698,TRUE,561,287,-274
1134200,4,531,1143,1674,FALSE,531,305,-226
1134200,8,665,990,1655,FALSE,665,162,-503
1134201,4,433,699,1132,FALSE,433,132,-301
1134201,8,567,639,1206,FALSE,567,35,-532
1134202,4,651,606,1257,TRUE,22,606,584
1134202,8,866,483,1349,TRUE,191,483,292
1134203,4,508,587,1095,FALSE,508,39,-469
1134203,8,781,501,1282,TRUE,139,501,362
1134204,4,708,923,1631,FALSE,708,107,-601
1134204,8,847,729,1576,TRUE,58,729,671
1134205,4,793,175,968,TRUE,308,175,-133
1134205,8,1017,120,1137,TRUE,448,120,-328
1134206,4,601,1156,1757,FALSE,601,277,-324
1134206,8,731,958,1689,FALSE,731,113,-618
1134207,4,745,1207,1952,FALSE,745,230,-515
1134207,8,881,894,1775,FALSE,881,6,-875
1134208,4,565,673,1238,FALSE,565,53,-512
1134208,8,693,514,1207,TRUE,89,514,425
1134209,4,47,101,148,FALSE,47,26,-21
1134209,8,59,81,140,FALSE,59,10,-49
1134210,4,586,770,1356,FALSE,586,91,-495
1134210,8,747,658,1405,TRUE,44,658,614
1134211,4,275,365,640,FALSE,275,44,-231
1134211,8,384,310,694,TRUE,36,310,274
1134212,4,0,0,0,FALSE,0,-1,-1
1134212,8,0,0,0,FALSE,0,-1,-1
1134213,4,0,0,0,FALSE,0,-1,-1
1134213,8,0,0,0,FALSE,0,-1,-1
1134300,4,340,252,592,TRUE,43,252,209
1134300,8,403,220,623,TRUE,91,220,129
1134400,4,7,2,9,TRUE,2,2,0
1134400,8,0,0,0,FALSE,0,-1,-1
1134401,4,1429,1053,2482,TRUE,187,1053,866
1134401,8,2589,993,3582,TRUE,797,993,196
1134402,4,1113,413,1526,TRUE,349,413,64
1134402,8,1452,293,1745,TRUE,579,293,-286
1134403,4,2,0,2,TRUE,0,0,0
1134403,8,0,0,0,FALSE,0,-1,-1
1134404,4,1098,794,1892,TRUE,151,794,643
1134404,8,1739,714,2453,TRUE,512,714,202
1134405,4,0,0,0,FALSE,0,-1,-1
1134405,8,0,0,0,FALSE,0,-1,-1
1134406,4,11,7,18,TRUE,1,7,6
1134406,8,20,6,26,TRUE,6,6,0
1134407,4,0,0,0,FALSE,0,-1,-1
1134407,8,0,0,0,FALSE,0,-1,-1
1134408,4,1,0,1,TRUE,0,0,0
1134408,8,54,16,70,TRUE,18,16,-2
1134409,4,67,110,177,FALSE,67,21,-46
1134409,8,113,153,266,FALSE,113,19,-94
1134410,4,938,447,1385,TRUE,245,447,202
1134410,8,996,351,1347,TRUE,322,351,29
1134411,4,703,248,951,TRUE,227,248,21
1134411,8,1032,204,1236,TRUE,413,204,-209
1134412,4,511,217,728,TRUE,146,217,71
1134412,8,600,165,765,TRUE,217,165,-52
1134413,4,267,124,391,TRUE,71,124,53
1134413,8,280,118,398,TRUE,80,118,38
1134414,4,0,0,0,FALSE,0,-1,-1
1134414,8,82,10,92,TRUE,35,10,-25
1134415,4,2,0,2,TRUE,0,0,0
1134415,8,0,0,0,FALSE,0,-1,-1
1134416,4,0,0,0,FALSE,0,-1,-1
1134416,8,0,0,0,FALSE,0,-1,-1
1134417,4,621,187,808,TRUE,216,187,-29
1134417,8,799,192,991,TRUE,303,192,-111
1134418,4,1073,626,1699,TRUE,223,626,403
1134418,8,1159,512,1671,TRUE,323,512,189
1134419,4,818,473,1291,TRUE,172,473,301
1134419,8,875,384,1259,TRUE,245,384,139
1134420,4,647,358,1005,TRUE,144,358,214
1134420,8,660,314,974,TRUE,172,314,142
1134421,4,415,177,592,TRUE,118,177,59
1134421,8,417,147,564,TRUE,134,147,13
1134422,4,281,185,466,TRUE,47,185,138
1134422,8,258,152,410,TRUE,52,152,100
1134423,4,251,142,393,TRUE,54,142,88
1134423,8,276,103,379,TRUE,86,103,17
1134424,4,502,313,815,TRUE,94,313,219
1134424,8,516,241,757,TRUE,137,241,104
1134425,4,538,288,826,TRUE,124,288,164
1134425,8,543,233,776,TRUE,154,233,79
1134426,4,832,413,1245,TRUE,209,413,204
1134426,8,879,331,1210,TRUE,273,331,58
1134427,4,430,188,618,TRUE,120,188,68
1134427,8,441,163,604,TRUE,138,163,25
1134428,4,70,34,104,TRUE,17,34,17
1134428,8,72,18,90,TRUE,26,18,-8
1134429,4,72,40,112,TRUE,15,40,25
1134429,8,89,24,113,TRUE,32,24,-8
1134430,4,528,278,806,TRUE,124,278,154
1134430,8,542,258,800,TRUE,141,258,117
1134431,4,856,426,1282,TRUE,214,426,212
1134431,8,947,370,1317,TRUE,288,370,82
1134432,4,248,118,366,TRUE,64,118,54
1134432,8,288,92,380,TRUE,97,92,-5
1134433,4,1034,471,1505,TRUE,281,471,190
1134433,8,1188,379,1567,TRUE,404,379,-25
1134434,4,582,267,849,TRUE,157,267,110
1134434,8,636,250,886,TRUE,192,250,58
1134435,4,450,233,683,TRUE,108,233,125
1134435,8,545,220,765,TRUE,162,220,58
1134436,4,979,734,1713,TRUE,122,734,612
1134436,8,988,650,1638,TRUE,168,650,482
1134437,4,259,245,504,TRUE,6,245,239
1134437,8,225,221,446,TRUE,1,221,220
1134438,4,861,273,1134,TRUE,293,273,-20
1134438,8,974,219,1193,TRUE,377,219,-158
1134439,4,121,29,150,TRUE,45,29,-16
1134439,8,131,20,151,TRUE,55,20,-35
1134440,4,113,84,197,TRUE,14,84,70
1134440,8,122,66,188,TRUE,27,66,39
1134441,4,231,28,259,TRUE,101,28,-73
1134441,8,289,20,309,TRUE,134,20,-114
1134442,4,277,114,391,TRUE,81,114,33
1134442,8,307,86,393,TRUE,110,86,-24
1134443,4,564,309,873,TRUE,127,309,182
1134443,8,749,267,1016,TRUE,240,267,27
1134444,4,202,100,302,TRUE,50,100,50
1134444,8,305,94,399,TRUE,105,94,-11
1134445,4,71,21,92,TRUE,24,21,-3
1134445,8,84,20,104,TRUE,31,20,-11
1134446,4,0,0,0,FALSE,0,-1,-1
1134446,8,0,0,0,FALSE,0,-1,-1
1134447,4,14,16,30,FALSE,14,0,-14
1134447,8,24,19,43,TRUE,2,19,17
1134448,4,0,0,0,FALSE,0,-1,-1
1134448,8,0,0,0,FALSE,0,-1,-1
1134500,4,39,50,89,FALSE,39,5,-34
1134500,8,119,69,188,TRUE,24,69,45
1134501,4,764,1096,1860,FALSE,764,165,-599
1134501,8,1619,1215,2834,TRUE,201,1215,1014
1134502,4,493,805,1298,FALSE,493,155,-338
1134502,8,653,739,1392,FALSE,653,42,-611
1134503,4,1152,1371,2523,FALSE,1152,109,-1043
1134503,8,1448,1062,2510,TRUE,192,1062,870
1134504,4,969,956,1925,TRUE,6,956,950
1134504,8,1675,945,2620,TRUE,364,945,581
1134505,4,433,660,1093,FALSE,433,113,-320
1134505,8,551,495,1046,TRUE,27,495,468
1134506,4,934,1445,2379,FALSE,934,255,-679
1134506,8,1239,1324,2563,FALSE,1239,42,-1197
1134507,4,532,830,1362,FALSE,532,148,-384
1134507,8,637,662,1299,FALSE,637,12,-625
1134508,4,507,611,1118,FALSE,507,51,-456
1134508,8,642,465,1107,TRUE,88,465,377
1134509,4,367,379,746,FALSE,367,5,-362
1134509,8,511,354,865,TRUE,78,354,276
1134510,4,420,31,451,TRUE,194,31,-163
1134510,8,512,17,529,TRUE,247,17,-230
1134511,4,484,914,1398,FALSE,484,214,-270
1134511,8,518,736,1254,FALSE,518,108,-410
1134512,4,375,718,1093,FALSE,375,171,-204
1134512,8,507,641,1148,FALSE,507,66,-441
1134513,4,312,316,628,FALSE,312,1,-311
1134513,8,349,288,637,TRUE,30,288,258
1134514,4,356,431,787,FALSE,356,37,-319
1134514,8,437,432,869,TRUE,2,432,430
1134515,4,392,548,940,FALSE,392,77,-315
1134515,8,446,502,948,FALSE,446,27,-419
1134516,4,616,676,1292,FALSE,616,29,-587
1134516,8,675,520,1195,TRUE,77,520,443
1134517,4,291,527,818,FALSE,291,117,-174
1134517,8,276,535,811,FALSE,276,129,-147
1134518,4,315,307,622,TRUE,3,307,304
1134518,8,376,237,613,TRUE,69,237,168
1134519,4,94,121,215,FALSE,94,13,-81
1134519,8,99,96,195,TRUE,1,96,95
1134520,4,614,1583,2197,FALSE,614,484,-130
1134520,8,755,1417,2172,FALSE,755,330,-425
1134521,4,78,47,125,TRUE,15,47,32
1134521,8,116,64,180,TRUE,25,64,39
1134522,4,1,0,1,TRUE,0,0,0
1134522,8,2,0,2,TRUE,0,0,0
1134523,4,254,265,519,FALSE,254,5,-249
1134523,8,267,228,495,TRUE,19,228,209
1134524,4,1,2,3,FALSE,1,0,-1
1134524,8,0,0,0,FALSE,0,-1,-1
1134525,4,383,631,1014,FALSE,383,123,-260
1134525,8,417,477,894,FALSE,417,29,-388
1134526,4,1,5,6,FALSE,1,1,0
1134526,8,0,0,0,FALSE,0,-1,-1
1134527,4,0,2,2,FALSE,0,0,0
1134527,8,0,0,0,FALSE,0,-1,-1
1134528,4,560,667,1227,FALSE,560,53,-507
1134528,8,962,951,1913,TRUE,5,951,946
1134600,4,304,660,964,FALSE,304,177,-127
1134600,8,450,644,1094,FALSE,450,96,-354
1134601,4,842,1555,2397,FALSE,842,356,-486
1134601,8,977,1370,2347,FALSE,977,196,-781
1134602,4,511,836,1347,FALSE,511,162,-349
1134602,8,597,732,1329,FALSE,597,67,-530
1134603,4,22,11,33,TRUE,5,11,6
1134603,8,19,10,29,TRUE,4,10,6
1134604,4,661,1034,1695,FALSE,661,186,-475
1134604,8,733,839,1572,FALSE,733,52,-681
1134605,4,572,896,1468,FALSE,572,161,-411
1134605,8,639,819,1458,FALSE,639,89,-550
1134606,4,657,1091,1748,FALSE,657,216,-441
1134606,8,757,911,1668,FALSE,757,76,-681
1134607,4,368,449,817,FALSE,368,40,-328
1134607,8,495,373,868,TRUE,60,373,313
1134608,4,197,272,469,FALSE,197,37,-160
1134608,8,216,250,466,FALSE,216,16,-200
1134609,4,764,711,1475,TRUE,26,711,685
1134609,8,1061,608,1669,TRUE,226,608,382
1134610,4,564,542,1106,TRUE,10,542,532
1134610,8,838,430,1268,TRUE,203,430,227
1134611,4,480,1048,1528,FALSE,480,283,-197
1134611,8,559,947,1506,FALSE,559,193,-366
1134612,4,349,523,872,FALSE,349,86,-263
1134612,8,390,450,840,FALSE,390,29,-361
1134613,4,329,699,1028,FALSE,329,184,-145
1134613,8,424,594,1018,FALSE,424,84,-340
1134614,4,151,144,295,TRUE,3,144,141
1134614,8,212,103,315,TRUE,54,103,49
1134615,4,148,393,541,FALSE,148,122,-26
1134615,8,200,353,553,FALSE,200,76,-124
1134616,4,236,317,553,FALSE,236,40,-196
1134616,8,322,305,627,TRUE,8,305,297
1134617,4,28,86,114,FALSE,28,28,0
1134617,8,34,77,111,FALSE,34,21,-13
1134618,4,148,235,383,FALSE,148,43,-105
1134618,8,167,207,374,FALSE,167,19,-148
1134619,4,292,721,1013,FALSE,292,214,-78
1134619,8,315,623,938,FALSE,315,153,-162
1134620,4,523,826,1349,FALSE,523,151,-372
1134620,8,610,719,1329,FALSE,610,54,-556
1134621,4,18,11,29,TRUE,3,11,8
1134621,8,4,1,5,TRUE,1,1,0
1134622,4,802,819,1621,FALSE,802,8,-794
1134622,8,1261,659,1920,TRUE,300,659,359
1134623,4,401,754,1155,FALSE,401,176,-225
1134623,8,533,619,1152,FALSE,533,42,-491
1134624,4,594,831,1425,FALSE,594,118,-476
1134624,8,669,692,1361,FALSE,669,11,-658
1134625,4,375,672,1047,FALSE,375,148,-227
1134625,8,436,561,997,FALSE,436,62,-374
1134626,4,499,942,1441,FALSE,499,221,-278
1134626,8,586,847,1433,FALSE,586,130,-456
1134627,4,276,615,891,FALSE,276,169,-107
1134627,8,347,581,928,FALSE,347,116,-231
1134628,4,631,1355,1986,FALSE,631,361,-270
1134628,8,1067,1499,2566,FALSE,1067,215,-852
1134629,4,1,1,2,FALSE,1,-1,-2
1134629,8,0,0,0,FALSE,0,-1,-1
1134630,4,1353,812,2165,TRUE,270,812,542
1134630,8,1865,656,2521,TRUE,604,656,52
1134631,4,858,714,1572,TRUE,71,714,643
1134631,8,1247,600,1847,TRUE,323,600,277
1134632,4,291,636,927,FALSE,291,172,-119
1134632,8,449,568,1017,FALSE,449,59,-390
1134633,4,268,586,854,FALSE,268,158,-110
1134633,8,323,544,867,FALSE,323,110,-213
1134634,4,385,289,674,TRUE,47,289,242
1134634,8,471,192,663,TRUE,139,192,53
1134635,4,303,256,559,TRUE,23,256,233
1134635,8,369,144,513,TRUE,112,144,32
1134636,4,325,732,1057,FALSE,325,203,-122
1134636,8,493,757,1250,FALSE,493,131,-362
1134637,4,357,397,754,FALSE,357,19,-338
1134637,8,502,377,879,TRUE,62,377,315
1134638,4,0,0,0,FALSE,0,-1,-1
1134638,8,0,0,0,FALSE,0,-1,-1
1134639,4,3,3,6,FALSE,3,-1,-4
1134639,8,1,1,2,FALSE,1,-1,-2
1134640,4,790,1431,2221,FALSE,790,320,-470
1134640,8,1577,1814,3391,FALSE,1577,118,-1459
1134641,4,0,2,2,FALSE,0,0,0
1134641,8,0,0,0,FALSE,0,-1,-1
1134642,4,841,1176,2017,FALSE,841,167,-674
1134642,8,1178,852,2030,TRUE,162,852,690
1134643,4,1050,1317,2367,FALSE,1050,133,-917
1134643,8,1449,1281,2730,TRUE,83,1281,1198
1134644,4,647,928,1575,FALSE,647,140,-507
1134644,8,1179,971,2150,TRUE,103,971,868
1134645,4,0,1,1,FALSE,0,0,0
1134645,8,0,0,0,FALSE,0,-1,-1
1134646,4,159,132,291,TRUE,13,132,119
1134646,8,170,116,286,TRUE,26,116,90
1134647,4,87,126,213,FALSE,87,19,-68
1134647,8,89,131,220,FALSE,89,20,-69
1134648,4,118,212,330,FALSE,118,46,-72
1134648,8,158,167,325,FALSE,158,4,-154
1134649,4,40,71,111,FALSE,40,15,-25
1134649,8,41,55,96,FALSE,41,6,-35
1134650,4,0,2,2,FALSE,0,0,0
1134650,8,0,3,3,FALSE,0,1,1
1134651,4,447,562,1009,FALSE,447,57,-390
1134651,8,613,379,992,TRUE,116,379,263
1134700,4,0,0,0,FALSE,0,-1,-1
1134700,8,1,0,1,TRUE,0,0,0
1134701,4,466,1595,2061,FALSE,466,564,98
1134701,8,600,1569,2169,FALSE,600,484,-116
1134702,4,506,1761,2267,FALSE,506,627,121
1134702,8,742,1758,2500,FALSE,742,507,-235
1134703,4,236,790,1026,FALSE,236,276,40
1134703,8,300,793,1093,FALSE,300,246,-54
1134704,4,355,932,1287,FALSE,355,288,-67
1134704,8,512,1121,1633,FALSE,512,304,-208
1134705,4,593,1919,2512,FALSE,593,662,69
1134705,8,883,1874,2757,FALSE,883,495,-388
1134706,4,485,1314,1799,FALSE,485,414,-71
1134706,8,626,1260,1886,FALSE,626,316,-310
1134707,4,397,1101,1498,FALSE,397,351,-46
1134707,8,581,1055,1636,FALSE,581,236,-345
1134708,4,9,34,43,FALSE,9,12,3
1134708,8,10,25,35,FALSE,10,7,-3
1134709,4,377,1313,1690,FALSE,377,467,90
1134709,8,553,1220,1773,FALSE,553,333,-220
1134710,4,448,1188,1636,FALSE,448,369,-79
1134710,8,846,1006,1852,FALSE,846,79,-767
1150001,4,302,449,751,FALSE,302,73,-229
1150001,8,347,328,675,TRUE,9,328,319
1150002,4,280,442,722,FALSE,280,80,-200
1150002,8,288,315,603,FALSE,288,13,-275
1150003,4,222,1082,1304,FALSE,222,429,207
1150003,8,207,1001,1208,FALSE,207,396,189
1150004,4,198,909,1107,FALSE,198,355,157
1150004,8,215,790,1005,FALSE,215,287,72
1150005,4,19,78,97,FALSE,19,29,10
1150005,8,16,80,96,FALSE,16,31,15
1150011,4,27,156,183,FALSE,27,64,37
1150011,8,30,131,161,FALSE,30,50,20
1150012,4,12,47,59,FALSE,12,17,5
1150012,8,10,45,55,FALSE,10,17,7
1150013,4,12,102,114,FALSE,12,44,32
1150013,8,15,87,102,FALSE,15,35,20
1150015,4,23,81,104,FALSE,23,28,5
1150015,8,18,74,92,FALSE,18,27,9
1150017,4,19,73,92,FALSE,19,26,7
1150017,8,6,55,61,FALSE,6,24,18
1170001,4,277,731,1008,FALSE,277,226,-51
1170001,8,289,593,882,FALSE,289,151,-138
1170002,4,289,738,1027,FALSE,289,224,-65
1170002,8,327,539,866,FALSE,327,105,-222
1170003,4,279,1821,2100,FALSE,279,770,491
1170003,8,334,1682,2016,FALSE,334,673,339
1170004,4,288,849,1137,FALSE,288,280,-8
1170004,8,297,652,949,FALSE,297,177,-120
1190001,4,103,341,444,FALSE,103,118,15
1190001,8,112,389,501,FALSE,112,138,26
1190002,4,42,93,135,FALSE,42,25,-17
1190002,8,41,97,138,FALSE,41,27,-14
1190003,4,83,104,187,FALSE,83,10,-73
1190003,8,85,154,239,FALSE,85,34,-51
1190004,4,115,262,377,FALSE,115,73,-42
1190004,8,96,276,372,FALSE,96,89,-7
1190005,4,113,264,377,FALSE,113,75,-38
1190005,8,112,263,375,FALSE,112,75,-37
1190007,4,46,102,148,FALSE,46,27,-19
1190007,8,44,104,148,FALSE,44,29,-15
1190009,4,46,116,162,FALSE,46,34,-12
1190009,8,26,128,154,FALSE,26,50,24
1190010,4,81,165,246,FALSE,81,41,-40
1190010,8,73,168,241,FALSE,73,47,-26
1210100,4,437,1417,1854,FALSE,437,489,52
1210100,8,594,1476,2070,FALSE,594,440,-154
1210101,4,148,493,641,FALSE,148,172,24
1210101,8,887,1292,2179,FALSE,887,202,-685
1210102,4,335,1023,1358,FALSE,335,343,8
1210102,8,353,1018,1371,FALSE,353,332,-21
1210103,4,310,1024,1334,FALSE,310,356,46
1210103,8,383,1204,1587,FALSE,383,410,27
1210104,4,511,1046,1557,FALSE,511,267,-244
1210104,8,619,1036,1655,FALSE,619,208,-411
1210105,4,338,1100,1438,FALSE,338,380,42
1210105,8,568,1331,1899,FALSE,568,381,-187
1210106,4,755,1213,1968,FALSE,755,228,-527
1210106,8,824,1081,1905,FALSE,824,128,-696
1210107,4,703,1930,2633,FALSE,703,613,-90
1210107,8,891,1599,2490,FALSE,891,353,-538
1210108,4,529,1794,2323,FALSE,529,632,103
1210108,8,738,1926,2664,FALSE,738,593,-145
1210109,4,461,1011,1472,FALSE,461,274,-187
1210109,8,537,875,1412,FALSE,537,168,-369
1210110,4,498,1247,1745,FALSE,498,374,-124
1210110,8,681,1207,1888,FALSE,681,262,-419
1210111,4,693,1723,2416,FALSE,693,514,-179
1210111,8,1075,1686,2761,FALSE,1075,305,-770
1210112,4,477,846,1323,FALSE,477,184,-293
1210112,8,646,834,1480,FALSE,646,93,-553
1210113,4,271,460,731,FALSE,271,94,-177
1210113,8,298,388,686,FALSE,298,44,-254
1210114,4,429,1156,1585,FALSE,429,363,-66
1210114,8,657,1169,1826,FALSE,657,255,-402
1210115,4,595,1330,1925,FALSE,595,367,-228
1210115,8,1198,1487,2685,FALSE,1198,144,-1054
1210116,4,313,476,789,FALSE,313,81,-232
1210116,8,462,532,994,FALSE,462,34,-428
1210117,4,153,421,574,FALSE,153,133,-20
1210117,8,470,913,1383,FALSE,470,221,-249
1210118,4,179,564,743,FALSE,179,192,13
1210118,8,379,952,1331,FALSE,379,286,-93
1210119,4,200,695,895,FALSE,200,247,47
1210119,8,1032,2315,3347,FALSE,1032,641,-391
1210120,4,716,1769,2485,FALSE,716,526,-190
1210120,8,1335,2016,3351,FALSE,1335,340,-995
1210121,4,212,586,798,FALSE,212,186,-26
1210121,8,248,600,848,FALSE,248,175,-73
1210122,4,357,950,1307,FALSE,357,296,-61
1210122,8,444,1160,1604,FALSE,444,357,-87
1210123,4,394,1346,1740,FALSE,394,475,81
1210123,8,958,2065,3023,FALSE,958,553,-405
1210124,4,32,117,149,FALSE,32,42,10
1210124,8,902,1222,2124,FALSE,902,159,-743
1210125,4,722,1144,1866,FALSE,722,210,-512
1210125,8,927,991,1918,FALSE,927,31,-896
1210126,4,407,1115,1522,FALSE,407,353,-54
1210126,8,566,1142,1708,FALSE,566,287,-279
1210127,4,508,1393,1901,FALSE,508,442,-66
1210127,8,612,1212,1824,FALSE,612,299,-313
1210128,4,144,560,704,FALSE,144,207,63
1210128,8,242,705,947,FALSE,242,231,-11
1210129,4,476,1469,1945,FALSE,476,496,20
1210129,8,707,1544,2251,FALSE,707,418,-289
1210130,4,491,1558,2049,FALSE,491,533,42
1210130,8,698,1645,2343,FALSE,698,473,-225
1210131,4,608,2424,3032,FALSE,608,907,299
1210131,8,1090,2868,3958,FALSE,1090,888,-202
1210132,4,104,131,235,FALSE,104,13,-91
1210132,8,132,79,211,TRUE,26,79,53
1210133,4,88,128,216,FALSE,88,19,-69
1210133,8,87,102,189,FALSE,87,7,-80
1210134,4,0,0,0,FALSE,0,-1,-1
1210134,8,2,0,2,TRUE,0,0,0
1210135,4,548,1201,1749,FALSE,548,326,-222
1210135,8,2105,2310,4415,FALSE,2105,102,-2003
1210136,4,429,1412,1841,FALSE,429,491,62
1210136,8,662,1428,2090,FALSE,662,382,-280
1210137,4,538,1877,2415,FALSE,538,669,131
1210137,8,815,1662,2477,FALSE,815,423,-392
1210138,4,0,5,5,FALSE,0,2,2
1210138,8,40,29,69,TRUE,5,29,24
1210139,4,0,0,0,FALSE,0,-1,-1
1210139,8,1,2,3,FALSE,1,0,-1
1210140,4,328,904,1232,FALSE,328,287,-41
1210140,8,1007,1957,2964,FALSE,1007,474,-533
1210141,4,148,364,512,FALSE,148,107,-41
1210141,8,276,415,691,FALSE,276,69,-207
1210142,4,155,524,679,FALSE,155,184,29
1210142,8,376,817,1193,FALSE,376,220,-156
1210143,4,135,299,434,FALSE,135,81,-54
1210143,8,531,582,1113,FALSE,531,25,-506
1210200,4,316,800,1116,FALSE,316,241,-75
1210200,8,520,769,1289,FALSE,520,124,-396
1210201,4,416,1035,1451,FALSE,416,309,-107
1210201,8,517,835,1352,FALSE,517,158,-359
1210202,4,769,1544,2313,FALSE,769,387,-382
1210202,8,1296,1711,3007,FALSE,1296,207,-1089
1210203,4,149,670,819,FALSE,149,260,111
1210203,8,217,668,885,FALSE,217,225,8
1210204,4,884,2245,3129,FALSE,884,680,-204
1210204,8,1144,2014,3158,FALSE,1144,434,-710
1210205,4,502,929,1431,FALSE,502,213,-289
1210205,8,699,765,1464,FALSE,699,32,-667
1210206,4,532,1156,1688,FALSE,532,311,-221
1210206,8,648,983,1631,FALSE,648,167,-481
1210207,4,719,815,1534,FALSE,719,47,-672
1210207,8,937,658,1595,TRUE,139,658,519
1210208,4,388,938,1326,FALSE,388,274,-114
1210208,8,635,1125,1760,FALSE,635,244,-391
1210209,4,749,1189,1938,FALSE,749,219,-530
1210209,8,1027,1053,2080,FALSE,1027,12,-1015
1210210,4,972,999,1971,FALSE,972,13,-959
1210210,8,1790,816,2606,TRUE,486,816,330
1210211,4,883,1922,2805,FALSE,883,519,-364
1210211,8,1161,1772,2933,FALSE,1161,305,-856
1210212,4,717,1503,2220,FALSE,717,392,-325
1210212,8,895,1255,2150,FALSE,895,179,-716
1210213,4,274,791,1065,FALSE,274,258,-16
1210213,8,423,794,1217,FALSE,423,185,-238
1210214,4,242,592,834,FALSE,242,174,-68
1210214,8,323,546,869,FALSE,323,111,-212
1210215,4,608,1317,1925,FALSE,608,354,-254
1210215,8,786,1271,2057,FALSE,786,242,-544
1210216,4,554,1842,2396,FALSE,554,643,89
1210216,8,800,1565,2365,FALSE,800,382,-418
1210217,4,666,1204,1870,FALSE,666,268,-398
1210217,8,1035,1142,2177,FALSE,1035,53,-982
1210218,4,582,1283,1865,FALSE,582,350,-232
1210218,8,806,1158,1964,FALSE,806,175,-631
1210219,4,503,1082,1585,FALSE,503,289,-214
1210219,8,577,705,1282,FALSE,577,63,-514
1210220,4,803,980,1783,FALSE,803,88,-715
1210220,8,1392,824,2216,TRUE,283,824,541
1210221,4,167,318,485,FALSE,167,75,-92
1210221,8,334,388,722,FALSE,334,26,-308
1210222,4,542,1464,2006,FALSE,542,460,-82
1210222,8,657,1307,1964,FALSE,657,324,-333
1210223,4,398,483,881,FALSE,398,42,-356
1210223,8,413,316,729,TRUE,48,316,268
1210224,4,248,903,1151,FALSE,248,327,79
1210224,8,762,1753,2515,FALSE,762,495,-267
1210225,4,860,1458,2318,FALSE,860,298,-562
1210225,8,1473,1504,2977,FALSE,1473,15,-1458
NA,4,37,136,173,FALSE,37,49,12
NA,8,72,161,233,FALSE,72,44,-28
NA,4,371,1282,1653,FALSE,371,455,84
NA,8,677,1502,2179,FALSE,677,412,-265
1210300,4,860,1796,2656,FALSE,860,467,-393
1210300,8,1258,1459,2717,FALSE,1258,100,-1158
1210301,4,342,855,1197,FALSE,342,256,-86
1210301,8,461,767,1228,FALSE,461,152,-309
1210302,4,578,2035,2613,FALSE,578,728,150
1210302,8,843,2179,3022,FALSE,843,667,-176
1210303,4,419,1164,1583,FALSE,419,372,-47
1210303,8,558,1059,1617,FALSE,558,250,-308
1210304,4,638,1948,2586,FALSE,638,654,16
1210304,8,901,1971,2872,FALSE,901,534,-367
1210305,4,1000,1813,2813,FALSE,1000,406,-594
1210305,8,1315,1400,2715,FALSE,1315,42,-1273
1210306,4,0,0,0,FALSE,0,-1,-1
1210306,8,0,0,0,FALSE,0,-1,-1
1210307,4,627,2135,2762,FALSE,627,753,126
1210307,8,967,2113,3080,FALSE,967,572,-395
1210308,4,460,1197,1657,FALSE,460,368,-92
1210308,8,625,1154,1779,FALSE,625,264,-361
1210309,4,935,1534,2469,FALSE,935,299,-636
1210309,8,1680,1598,3278,TRUE,40,1598,1558
1210310,4,747,1550,2297,FALSE,747,401,-346
1210310,8,1161,1387,2548,FALSE,1161,112,-1049
1210311,4,623,1617,2240,FALSE,623,496,-127
1210311,8,761,1349,2110,FALSE,761,293,-468
1210312,4,829,1067,1896,FALSE,829,118,-711
1210312,8,1242,794,2036,TRUE,223,794,571
1210313,4,346,1206,1552,FALSE,346,429,83
1210313,8,417,1063,1480,FALSE,417,322,-95
1210314,4,373,1333,1706,FALSE,373,479,106
1210314,8,556,1388,1944,FALSE,556,415,-141
1210315,4,382,794,1176,FALSE,382,205,-177
1210315,8,649,772,1421,FALSE,649,61,-588
1210316,4,484,1671,2155,FALSE,484,593,109
1210316,8,609,1674,2283,FALSE,609,532,-77
1210317,4,606,1951,2557,FALSE,606,672,66
1210317,8,902,1993,2895,FALSE,902,545,-357
1210318,4,203,383,586,FALSE,203,89,-114
1210318,8,342,374,716,FALSE,342,15,-327
1210319,4,313,683,996,FALSE,313,184,-129
1210319,8,568,896,1464,FALSE,568,163,-405
1210320,4,702,2212,2914,FALSE,702,754,52
1210320,8,1056,2170,3226,FALSE,1056,556,-500
1210321,4,545,1504,2049,FALSE,545,479,-66
1210321,8,533,981,1514,FALSE,533,223,-310
1210322,4,290,980,1270,FALSE,290,344,54
1210322,8,469,1063,1532,FALSE,469,296,-173
1210323,4,473,1367,1840,FALSE,473,446,-27
1210323,8,608,1149,1757,FALSE,608,270,-338
1210324,4,644,1645,2289,FALSE,644,500,-144
1210324,8,911,1561,2472,FALSE,911,324,-587
1210400,4,404,1552,1956,FALSE,404,573,169
1210400,8,476,1443,1919,FALSE,476,483,7
1210401,4,444,1770,2214,FALSE,444,662,218
1210401,8,539,1680,2219,FALSE,539,570,31
1210402,4,187,596,783,FALSE,187,204,17
1210402,8,194,600,794,FALSE,194,202,8
1210403,4,752,775,1527,FALSE,752,11,-741
1210403,8,787,678,1465,TRUE,54,678,624
1210404,4,838,1352,2190,FALSE,838,256,-582
1210404,8,1021,1303,2324,FALSE,1021,140,-881
1210405,4,1709,1136,2845,TRUE,286,1136,850
1210405,8,2178,1055,3233,TRUE,561,1055,494
1210406,4,228,428,656,FALSE,228,99,-129
1210406,8,566,711,1277,FALSE,566,72,-494
1210407,4,446,1560,2006,FALSE,446,556,110
1210407,8,577,1759,2336,FALSE,577,590,13
1210408,4,579,410,989,TRUE,84,410,326
1210408,8,645,347,992,TRUE,148,347,199
1210409,4,519,2235,2754,FALSE,519,857,338
1210409,8,873,2466,3339,FALSE,873,796,-77
1210410,4,566,314,880,TRUE,125,314,189
1210410,8,772,257,1029,TRUE,257,257,0
1210411,4,545,1876,2421,FALSE,545,665,120
1210411,8,1187,2858,4045,FALSE,1187,835,-352
1210412,4,414,1489,1903,FALSE,414,537,123
1210412,8,441,1338,1779,FALSE,441,448,7
1210413,4,501,1513,2014,FALSE,501,505,4
1210413,8,867,1838,2705,FALSE,867,485,-382
1210414,4,388,1686,2074,FALSE,388,648,260
1210414,8,412,1780,2192,FALSE,412,683,271
1210415,4,1041,918,1959,TRUE,61,918,857
1210415,8,1328,767,2095,TRUE,280,767,487
1210416,4,1100,770,1870,TRUE,164,770,606
1210416,8,1649,691,2340,TRUE,478,691,213
1210417,4,154,766,920,FALSE,154,305,151
1210417,8,219,959,1178,FALSE,219,369,150
1210418,4,825,651,1476,TRUE,86,651,565
1210418,8,1024,592,1616,TRUE,215,592,377
1210419,4,377,1652,2029,FALSE,377,637,260
1210419,8,1044,2852,3896,FALSE,1044,903,-141
1210420,4,322,1160,1482,FALSE,322,418,96
1210420,8,421,1214,1635,FALSE,421,396,-25
1210421,4,95,372,467,FALSE,95,138,43
1210421,8,667,2017,2684,FALSE,667,674,7
1210422,4,326,1490,1816,FALSE,326,581,255
1210422,8,364,1385,1749,FALSE,364,510,146
1210423,4,413,1474,1887,FALSE,413,530,117
1210423,8,578,1550,2128,FALSE,578,485,-93
1210424,4,416,1583,1999,FALSE,416,583,167
1210424,8,619,1498,2117,FALSE,619,439,-180
1210425,4,410,1313,1723,FALSE,410,451,41
1210425,8,662,1361,2023,FALSE,662,349,-313
1210426,4,383,579,962,FALSE,383,97,-286
1210426,8,493,464,957,TRUE,14,464,450
1210427,4,216,236,452,FALSE,216,9,-207
1210427,8,285,167,452,TRUE,58,167,109
1210428,4,316,1303,1619,FALSE,316,493,177
1210428,8,446,1441,1887,FALSE,446,497,51
1210429,4,219,149,368,TRUE,34,149,115
1210429,8,275,103,378,TRUE,85,103,18
1210430,4,40,142,182,FALSE,40,50,10
1210430,8,88,213,301,FALSE,88,62,-26
1230001,4,157,553,710,FALSE,157,197,40
1230001,8,240,756,996,FALSE,240,257,17
1230002,4,76,222,298,FALSE,76,72,-4
1230002,8,69,260,329,FALSE,69,95,26
1230003,4,117,384,501,FALSE,117,133,16
1230003,8,116,322,438,FALSE,116,102,-14
1230006,4,65,452,517,FALSE,65,193,128
1230006,8,57,448,505,FALSE,57,195,138
1230007,4,269,846,1115,FALSE,269,288,19
1230007,8,208,729,937,FALSE,208,260,52
1230008,4,55,204,259,FALSE,55,74,19
1230008,8,59,182,241,FALSE,59,61,2
1230018,4,209,635,844,FALSE,209,212,3
1230018,8,173,541,714,FALSE,173,183,10
1230023,4,142,472,614,FALSE,142,164,22
1230023,8,144,385,529,FALSE,144,120,-24
1230024,4,118,422,540,FALSE,118,151,33
1230024,8,118,385,503,FALSE,118,133,15
1230026,4,144,522,666,FALSE,144,188,44
1230026,8,190,633,823,FALSE,190,221,31
1230028,4,258,388,646,FALSE,258,64,-194
1230028,8,342,247,589,TRUE,47,247,200
1250001,4,17,74,91,FALSE,17,28,11
1250001,8,14,64,78,FALSE,14,24,10
1250002,4,11,59,70,FALSE,11,23,12
1250002,8,18,78,96,FALSE,18,29,11
1250003,4,65,222,287,FALSE,65,78,13
1250003,8,70,175,245,FALSE,70,52,-18
1250004,4,39,118,157,FALSE,39,39,0
1250004,8,54,94,148,FALSE,54,19,-35
1250005,4,38,142,180,FALSE,38,51,13
1250005,8,36,123,159,FALSE,36,43,7
1250006,4,75,200,275,FALSE,75,62,-13
1250006,8,42,196,238,FALSE,42,76,34
1270001,4,558,281,839,TRUE,138,281,143
1270001,8,551,303,854,TRUE,123,303,180
1270002,4,652,329,981,TRUE,161,329,168
1270002,8,718,202,920,TRUE,257,202,-55
1270003,4,190,89,279,TRUE,50,89,39
1270003,8,237,79,316,TRUE,78,79,1
1270004,4,33,15,48,TRUE,8,15,7
1270004,8,33,30,63,TRUE,1,30,29
1270005,4,396,201,597,TRUE,97,201,104
1270005,8,535,57,592,TRUE,238,57,-181
1270006,4,363,181,544,TRUE,90,181,91
1270006,8,377,132,509,TRUE,122,132,10
1270007,4,173,92,265,TRUE,40,92,52
1270007,8,241,71,312,TRUE,84,71,-13
1290101,4,32,140,172,FALSE,32,53,21
1290101,8,25,142,167,FALSE,25,58,33
1290102,4,63,190,253,FALSE,63,63,0
1290102,8,50,176,226,FALSE,50,62,12
1290201,4,83,448,531,FALSE,83,182,99
1290201,8,68,422,490,FALSE,68,176,108
1290301,4,30,139,169,FALSE,30,54,24
1290301,8,11,142,153,FALSE,11,65,54
1290303,4,70,196,266,FALSE,70,62,-8
1290303,8,52,177,229,FALSE,52,62,10
1290401,4,71,316,387,FALSE,71,122,51
1290401,8,85,315,400,FALSE,85,114,29
130001,4,93,274,367,FALSE,93,90,-3
130001,8,93,150,243,FALSE,93,28,-65
130002,4,162,258,420,FALSE,162,47,-115
130002,8,100,128,228,FALSE,100,13,-87
130003,4,234,396,630,FALSE,234,80,-154
130003,8,257,235,492,TRUE,10,235,225
130004,4,35,81,116,FALSE,35,22,-13
130004,8,27,41,68,FALSE,27,6,-21
130005,4,149,189,338,FALSE,149,19,-130
130005,8,176,141,317,TRUE,17,141,124
130007,4,272,382,654,FALSE,272,54,-218
130007,8,335,367,702,FALSE,335,15,-320
130008,4,116,202,318,FALSE,116,42,-74
130008,8,119,166,285,FALSE,119,23,-96
130009,4,9,45,54,FALSE,9,17,8
130009,8,9,38,47,FALSE,9,14,5
130010,4,146,279,425,FALSE,146,66,-80
130010,8,158,219,377,FALSE,158,30,-128
130011,4,12,40,52,FALSE,12,13,1
130011,8,9,38,47,FALSE,9,14,5
130012,4,222,451,673,FALSE,222,114,-108
130012,8,221,382,603,FALSE,221,80,-141
130013,4,395,707,1102,FALSE,395,155,-240
130013,8,317,409,726,FALSE,317,45,-272
130014,4,58,147,205,FALSE,58,44,-14
130014,8,79,95,174,FALSE,79,7,-72
130015,4,476,478,954,FALSE,476,0,-476
130015,8,567,349,916,TRUE,108,349,241
130016,4,55,59,114,FALSE,55,1,-54
130016,8,46,50,96,FALSE,46,1,-45
130017,4,615,342,957,TRUE,136,342,206
130017,8,599,274,873,TRUE,162,274,112
130018,4,299,390,689,FALSE,299,45,-254
130018,8,320,279,599,TRUE,20,279,259
NA,4,78,203,281,FALSE,78,62,-16
NA,8,69,141,210,FALSE,69,35,-34
NA,4,12,26,38,FALSE,12,6,-6
NA,8,8,18,26,FALSE,8,4,-4
130020,4,538,1590,2128,FALSE,538,525,-13
130020,8,425,1058,1483,FALSE,425,316,-109
130021,4,22,96,118,FALSE,22,36,14
130021,8,23,96,119,FALSE,23,36,13
130022,4,101,272,373,FALSE,101,85,-16
130022,8,79,194,273,FALSE,79,57,-22
130023,4,178,291,469,FALSE,178,56,-122
130023,8,180,212,392,FALSE,180,15,-165
130024,4,144,437,581,FALSE,144,146,2
130024,8,199,382,581,FALSE,199,91,-108
1310001,4,918,227,1145,TRUE,345,227,-118
1310001,8,1135,261,1396,TRUE,436,261,-175
1310002,4,696,152,848,TRUE,271,152,-119
1310002,8,584,98,682,TRUE,242,98,-144
1310003,4,102,24,126,TRUE,38,24,-14
1310003,8,78,19,97,TRUE,29,19,-10
1310004,4,97,26,123,TRUE,35,26,-9
1310004,8,81,13,94,TRUE,33,13,-20
1310005,4,102,40,142,TRUE,30,40,10
1310005,8,149,30,179,TRUE,59,30,-29
1310006,4,70,47,117,TRUE,11,47,36
1310006,8,82,48,130,TRUE,16,48,32
1310007,4,85,27,112,TRUE,28,27,-1
1310007,8,97,31,128,TRUE,32,31,-1
1310008,4,370,449,819,FALSE,370,39,-331
1310008,8,520,401,921,TRUE,59,401,342
1310009,4,351,57,408,TRUE,146,57,-89
1310009,8,419,79,498,TRUE,169,79,-90
1310010,4,84,22,106,TRUE,30,22,-8
1310010,8,83,27,110,TRUE,27,27,0
1310011,4,41,89,130,FALSE,41,23,-18
1310011,8,70,69,139,TRUE,0,69,69
1330001,4,420,1548,1968,FALSE,420,563,143
1330001,8,319,1510,1829,FALSE,319,595,276
1330002,4,43,182,225,FALSE,43,69,26
1330002,8,46,154,200,FALSE,46,53,7
1330003,4,277,677,954,FALSE,277,199,-78
1330003,8,205,655,860,FALSE,205,224,19
1330004,4,36,145,181,FALSE,36,54,18
1330004,8,33,158,191,FALSE,33,62,29
1330005,4,120,326,446,FALSE,120,102,-18
1330005,8,97,326,423,FALSE,97,114,17
1330006,4,46,152,198,FALSE,46,52,6
1330006,8,40,140,180,FALSE,40,49,9
1330007,4,173,586,759,FALSE,173,206,33
1330007,8,122,604,726,FALSE,122,240,118
1330008,4,412,1451,1863,FALSE,412,519,107
1330008,8,359,1398,1757,FALSE,359,519,160
1330009,4,55,182,237,FALSE,55,63,8
1330009,8,50,216,266,FALSE,50,82,32
1350101,4,381,1492,1873,FALSE,381,555,174
1350101,8,423,1413,1836,FALSE,423,494,71
1350102,4,348,893,1241,FALSE,348,272,-76
1350102,8,374,968,1342,FALSE,374,296,-78
1350103,4,163,678,841,FALSE,163,257,94
1350103,8,188,650,838,FALSE,188,230,42
1350105,4,88,264,352,FALSE,88,87,-1
1350105,8,65,232,297,FALSE,65,83,18
1350106,4,248,1113,1361,FALSE,248,432,184
1350106,8,267,1000,1267,FALSE,267,366,99
1350107,4,101,416,517,FALSE,101,157,56
1350107,8,78,433,511,FALSE,78,177,99
1350108,4,162,987,1149,FALSE,162,412,250
1350108,8,165,952,1117,FALSE,165,393,228
1350109,4,25,117,142,FALSE,25,45,20
1350109,8,14,107,121,FALSE,14,46,32
1350110,4,165,779,944,FALSE,165,306,141
1350110,8,201,867,1068,FALSE,201,332,131
1350201,4,356,2128,2484,FALSE,356,885,529
1350201,8,452,2251,2703,FALSE,452,899,447
1350202,4,295,1847,2142,FALSE,295,775,480
1350202,8,311,1737,2048,FALSE,311,712,401
1350203,4,367,1847,2214,FALSE,367,739,372
1350203,8,350,1745,2095,FALSE,350,697,347
1350204,4,194,894,1088,FALSE,194,349,155
1350204,8,197,843,1040,FALSE,197,322,125
1350205,4,206,1296,1502,FALSE,206,544,338
1350205,8,219,1170,1389,FALSE,219,475,256
1350206,4,135,754,889,FALSE,135,309,174
1350206,8,213,879,1092,FALSE,213,332,119
1350207,4,89,749,838,FALSE,89,329,240
1350207,8,96,802,898,FALSE,96,352,256
1350208,4,251,1398,1649,FALSE,251,573,322
1350208,8,278,1353,1631,FALSE,278,537,259
1350209,4,166,653,819,FALSE,166,243,77
1350209,8,177,607,784,FALSE,177,214,37
1350301,4,349,1097,1446,FALSE,349,373,24
1350301,8,420,1000,1420,FALSE,420,289,-131
1350302,4,261,740,1001,FALSE,261,239,-22
1350302,8,272,626,898,FALSE,272,176,-96
1350303,4,191,479,670,FALSE,191,143,-48
1350303,8,191,406,597,FALSE,191,107,-84
1350304,4,181,278,459,FALSE,181,48,-133
1350304,8,219,236,455,FALSE,219,8,-211
1350306,4,245,547,792,FALSE,245,150,-95
1350306,8,274,493,767,FALSE,274,109,-165
1350307,4,446,1352,1798,FALSE,446,452,6
1350307,8,463,1212,1675,FALSE,463,374,-89
1350309,4,181,666,847,FALSE,181,242,61
1350309,8,181,655,836,FALSE,181,236,55
1350311,4,101,268,369,FALSE,101,83,-18
1350311,8,93,275,368,FALSE,93,90,-3
1350312,4,138,820,958,FALSE,138,340,202
1350312,8,151,766,917,FALSE,151,307,156
1350401,4,131,372,503,FALSE,131,120,-11
1350401,8,123,337,460,FALSE,123,106,-17
1350402,4,529,150,679,TRUE,189,150,-39
1350402,8,545,145,690,TRUE,199,145,-54
1350403,4,832,444,1276,TRUE,193,444,251
1350403,8,774,300,1074,TRUE,236,300,64
1350404,4,251,456,707,FALSE,251,102,-149
1350404,8,293,461,754,FALSE,293,83,-210
1350405,4,227,155,382,TRUE,35,155,120
1350405,8,234,119,353,TRUE,57,119,62
1350406,4,468,733,1201,FALSE,468,132,-336
1350406,8,463,605,1068,FALSE,463,70,-393
1350407,4,71,284,355,FALSE,71,106,35
1350407,8,86,263,349,FALSE,86,88,2
1350412,4,237,356,593,FALSE,237,59,-178
1350412,8,268,282,550,FALSE,268,6,-262
1370001,4,43,123,166,FALSE,43,39,-4
1370001,8,80,114,194,FALSE,80,16,-64
1370002,4,41,223,264,FALSE,41,90,49
1370002,8,62,186,248,FALSE,62,61,-1
1370003,4,52,161,213,FALSE,52,54,2
1370003,8,87,171,258,FALSE,87,41,-46
1370004,4,65,182,247,FALSE,65,58,-7
1370004,8,100,153,253,FALSE,100,26,-74
NA,4,12,42,54,FALSE,12,14,2
NA,8,13,37,50,FALSE,13,11,-2
NA,4,4,14,18,FALSE,4,4,0
NA,8,4,12,16,FALSE,4,3,-1
1390101,4,270,843,1113,FALSE,270,286,16
1390101,8,309,926,1235,FALSE,309,308,-1
1390102,4,282,1457,1739,FALSE,282,587,305
1390102,8,460,1630,2090,FALSE,460,584,124
1390103,4,344,1402,1746,FALSE,344,528,184
1390103,8,416,1411,1827,FALSE,416,497,81
1390104,4,345,953,1298,FALSE,345,303,-42
1390104,8,619,1224,1843,FALSE,619,302,-317
1390105,4,258,713,971,FALSE,258,227,-31
1390105,8,365,706,1071,FALSE,365,170,-195
1390106,4,276,550,826,FALSE,276,136,-140
1390106,8,255,483,738,FALSE,255,113,-142
1390107,4,260,1445,1705,FALSE,260,592,332
1390107,8,366,1673,2039,FALSE,366,653,287
1390108,4,246,1471,1717,FALSE,246,612,366
1390108,8,348,1847,2195,FALSE,348,749,401
1390109,4,233,685,918,FALSE,233,225,-8
1390109,8,462,790,1252,FALSE,462,163,-299
1390110,4,223,560,783,FALSE,223,168,-55
1390110,8,398,581,979,FALSE,398,91,-307
1390111,4,176,1105,1281,FALSE,176,464,288
1390111,8,245,1126,1371,FALSE,245,440,195
1390112,4,175,1003,1178,FALSE,175,413,238
1390112,8,242,1263,1505,FALSE,242,510,268
1390113,4,755,112,867,TRUE,321,112,-209
1390113,8,814,126,940,TRUE,343,126,-217
1390114,4,196,539,735,FALSE,196,171,-25
1390114,8,235,529,764,FALSE,235,146,-89
1390115,4,38,30,68,TRUE,3,30,27
1390115,8,34,38,72,FALSE,34,1,-33
1390116,4,261,855,1116,FALSE,261,296,35
1390116,8,279,881,1160,FALSE,279,300,21
1390117,4,149,479,628,FALSE,149,164,15
1390117,8,146,525,671,FALSE,146,189,43
1390118,4,276,945,1221,FALSE,276,334,58
1390118,8,282,1078,1360,FALSE,282,397,115
1390119,4,270,827,1097,FALSE,270,278,8
1390119,8,358,824,1182,FALSE,358,232,-126
1390120,4,207,496,703,FALSE,207,144,-63
1390120,8,233,467,700,FALSE,233,116,-117
1390121,4,272,805,1077,FALSE,272,266,-6
1390121,8,302,877,1179,FALSE,302,287,-15
1390122,4,244,871,1115,FALSE,244,313,69
1390122,8,246,886,1132,FALSE,246,319,73
1390123,4,341,78,419,TRUE,131,78,-53
1390123,8,406,43,449,TRUE,181,43,-138
1390124,4,341,271,612,TRUE,34,271,237
1390124,8,449,256,705,TRUE,96,256,160
1390125,4,628,1544,2172,FALSE,628,457,-171
1390125,8,697,1626,2323,FALSE,697,464,-233
1390126,4,271,484,755,FALSE,271,106,-165
1390126,8,291,477,768,FALSE,291,92,-199
1390127,4,85,138,223,FALSE,85,26,-59
1390127,8,82,171,253,FALSE,82,44,-38
1390128,4,230,849,1079,FALSE,230,309,79
1390128,8,325,916,1241,FALSE,325,295,-30
1390129,4,122,536,658,FALSE,122,206,84
1390129,8,194,630,824,FALSE,194,217,23
1390130,4,187,262,449,FALSE,187,37,-150
1390130,8,213,283,496,FALSE,213,34,-179
1390131,4,331,668,999,FALSE,331,168,-163
1390131,8,336,672,1008,FALSE,336,167,-169
1390132,4,80,289,369,FALSE,80,104,24
1390132,8,87,299,386,FALSE,87,105,18
1390133,4,121,273,394,FALSE,121,75,-46
1390133,8,135,290,425,FALSE,135,77,-58
1390134,4,284,749,1033,FALSE,284,232,-52
1390134,8,337,765,1102,FALSE,337,213,-124
1390135,4,359,1112,1471,FALSE,359,376,17
1390135,8,475,1143,1618,FALSE,475,333,-142
1390136,4,15,78,93,FALSE,15,31,16
1390136,8,44,165,209,FALSE,44,60,16
1390137,4,288,1591,1879,FALSE,288,651,363
1390137,8,534,1952,2486,FALSE,534,708,174
1390138,4,401,1223,1624,FALSE,401,410,9
1390138,8,678,1278,1956,FALSE,678,299,-379
1390139,4,299,1286,1585,FALSE,299,493,194
1390139,8,422,1342,1764,FALSE,422,459,37
1390140,4,290,778,1068,FALSE,290,243,-47
1390140,8,358,765,1123,FALSE,358,203,-155
1390141,4,43,43,86,FALSE,43,-1,-44
1390141,8,66,31,97,TRUE,17,31,14
1390142,4,364,1751,2115,FALSE,364,693,329
1390142,8,568,2131,2699,FALSE,568,781,213
1390143,4,356,508,864,FALSE,356,75,-281
1390143,8,418,454,872,FALSE,418,17,-401
1390144,4,239,963,1202,FALSE,239,361,122
1390144,8,394,1267,1661,FALSE,394,436,42
1390145,4,209,982,1191,FALSE,209,386,177
1390145,8,410,1231,1641,FALSE,410,410,0
1410001,4,436,258,694,TRUE,88,258,170
1410001,8,510,218,728,TRUE,145,218,73
1410002,4,534,324,858,TRUE,104,324,220
1410002,8,847,234,1081,TRUE,306,234,-72
1410003,4,393,303,696,TRUE,44,303,259
1410003,8,631,340,971,TRUE,145,340,195
1410004,4,423,348,771,TRUE,37,348,311
1410004,8,589,327,916,TRUE,130,327,197
1410005,4,479,417,896,TRUE,30,417,387
1410005,8,1114,731,1845,TRUE,191,731,540
1410006,4,248,618,866,FALSE,248,184,-64
1410006,8,383,607,990,FALSE,383,111,-272
1410007,4,636,981,1617,FALSE,636,172,-464
1410007,8,791,851,1642,FALSE,791,29,-762
1410008,4,502,1267,1769,FALSE,502,382,-120
1410008,8,619,1236,1855,FALSE,619,308,-311
1410009,4,776,1015,1791,FALSE,776,119,-657
1410009,8,1000,923,1923,TRUE,38,923,885
1410010,4,827,504,1331,TRUE,161,504,343
1410010,8,1103,522,1625,TRUE,290,522,232
1410011,4,760,804,1564,FALSE,760,21,-739
1410011,8,1193,721,1914,TRUE,235,721,486
1410012,4,626,867,1493,FALSE,626,120,-506
1410012,8,852,709,1561,TRUE,71,709,638
1410013,4,647,1247,1894,FALSE,647,299,-348
1410013,8,1335,1655,2990,FALSE,1335,159,-1176
1410014,4,942,769,1711,TRUE,86,769,683
1410014,8,1108,568,1676,TRUE,269,568,299
1410015,4,395,585,980,FALSE,395,94,-301
1410015,8,492,492,984,FALSE,492,-1,-493
1410016,4,670,1276,1946,FALSE,670,302,-368
1410016,8,878,1147,2025,FALSE,878,134,-744
1410017,4,806,798,1604,TRUE,3,798,795
1410017,8,1022,718,1740,TRUE,151,718,567
1410018,4,551,711,1262,FALSE,551,79,-472
1410018,8,667,666,1333,TRUE,0,666,666
1410019,4,660,1091,1751,FALSE,660,215,-445
1410019,8,807,971,1778,FALSE,807,81,-726
1410020,4,755,818,1573,FALSE,755,31,-724
1410020,8,869,718,1587,TRUE,75,718,643
1410021,4,299,506,805,FALSE,299,103,-196
1410021,8,329,493,822,FALSE,329,81,-248
1410022,4,730,1228,1958,FALSE,730,248,-482
1410022,8,904,1125,2029,FALSE,904,110,-794
1410023,4,703,649,1352,TRUE,26,649,623
1410023,8,904,589,1493,TRUE,157,589,432
1410024,4,497,601,1098,FALSE,497,51,-446
1410024,8,577,452,1029,TRUE,62,452,390
1410025,4,490,465,955,TRUE,12,465,453
1410025,8,573,374,947,TRUE,99,374,275
1410026,4,147,45,192,TRUE,50,45,-5
1410026,8,166,32,198,TRUE,66,32,-34
1410027,4,472,456,928,TRUE,7,456,449
1410027,8,587,376,963,TRUE,105,376,271
1410028,4,72,29,101,TRUE,21,29,8
1410028,8,60,17,77,TRUE,21,17,-4
1410029,4,324,196,520,TRUE,63,196,133
1410029,8,419,167,586,TRUE,125,167,42
1410030,4,447,400,847,TRUE,23,400,377
1410030,8,481,311,792,TRUE,84,311,227
1410031,4,743,576,1319,TRUE,83,576,493
1410031,8,831,563,1394,TRUE,133,563,430
1410032,4,240,105,345,TRUE,67,105,38
1410032,8,253,78,331,TRUE,87,78,-9
1410033,4,686,570,1256,TRUE,57,570,513
1410033,8,815,470,1285,TRUE,172,470,298
1410034,4,648,260,908,TRUE,193,260,67
1410034,8,740,181,921,TRUE,279,181,-98
1410035,4,715,208,923,TRUE,253,208,-45
1410035,8,758,93,851,TRUE,332,93,-239
1410036,4,703,271,974,TRUE,215,271,56
1410036,8,720,182,902,TRUE,268,182,-86
1410037,4,281,73,354,TRUE,103,73,-30
1410037,8,275,38,313,TRUE,118,38,-80
1410038,4,270,97,367,TRUE,86,97,11
1410038,8,289,86,375,TRUE,101,86,-15
1410039,4,335,125,460,TRUE,104,125,21
1410039,8,347,90,437,TRUE,128,90,-38
1410040,4,590,159,749,TRUE,215,159,-56
1410040,8,666,82,748,TRUE,291,82,-209
1410041,4,773,1263,2036,FALSE,773,244,-529
1410041,8,1296,1122,2418,TRUE,86,1122,1036
1410042,4,681,726,1407,FALSE,681,22,-659
1410042,8,1112,658,1770,TRUE,226,658,432
1410043,4,374,349,723,TRUE,12,349,337
1410043,8,455,300,755,TRUE,77,300,223
1410044,4,644,836,1480,FALSE,644,95,-549
1410044,8,829,701,1530,TRUE,63,701,638
1410045,4,516,405,921,TRUE,55,405,350
1410045,8,600,289,889,TRUE,155,289,134
1410046,4,62,62,124,FALSE,62,-1,-63
1410046,8,76,52,128,TRUE,11,52,41
1410047,4,653,748,1401,FALSE,653,47,-606
1410047,8,1044,580,1624,TRUE,231,580,349
1410048,4,604,792,1396,FALSE,604,93,-511
1410048,8,674,645,1319,TRUE,14,645,631
1410049,4,670,540,1210,TRUE,64,540,476
1410049,8,829,427,1256,TRUE,200,427,227
1410050,4,520,538,1058,FALSE,520,8,-512
1410050,8,659,435,1094,TRUE,111,435,324
1410051,4,488,503,991,FALSE,488,7,-481
1410051,8,592,331,923,TRUE,130,331,201
1410052,4,540,694,1234,FALSE,540,76,-464
1410052,8,761,543,1304,TRUE,108,543,435
1410053,4,537,758,1295,FALSE,537,110,-427
1410053,8,644,650,1294,FALSE,644,2,-642
1410054,4,330,346,676,FALSE,330,7,-323
1410054,8,377,285,662,TRUE,45,285,240
1410055,4,694,777,1471,FALSE,694,41,-653
1410055,8,918,648,1566,TRUE,134,648,514
1410056,4,705,613,1318,TRUE,45,613,568
1410056,8,886,463,1349,TRUE,211,463,252
1410057,4,725,1082,1807,FALSE,725,178,-547
1410057,8,854,1007,1861,FALSE,854,76,-778
1410058,4,542,639,1181,FALSE,542,48,-494
1410058,8,647,575,1222,TRUE,35,575,540
1410059,4,313,216,529,TRUE,48,216,168
1410059,8,393,140,533,TRUE,126,140,14
1410060,4,632,378,1010,TRUE,126,378,252
1410060,8,785,268,1053,TRUE,258,268,10
1410061,4,779,431,1210,TRUE,173,431,258
1410061,8,870,303,1173,TRUE,283,303,20
1410062,4,142,168,310,FALSE,142,12,-130
1410062,8,171,97,268,TRUE,36,97,61
1410063,4,661,390,1051,TRUE,135,390,255
1410063,8,735,258,993,TRUE,238,258,20
1410064,4,643,347,990,TRUE,147,347,200
1410064,8,687,286,973,TRUE,200,286,86
1410065,4,182,109,291,TRUE,36,109,73
1410065,8,225,87,312,TRUE,68,87,19
1410066,4,813,428,1241,TRUE,192,428,236
1410066,8,869,330,1199,TRUE,269,330,61
1410067,4,461,205,666,TRUE,127,205,78
1410067,8,497,139,636,TRUE,178,139,-39
1410068,4,865,394,1259,TRUE,235,394,159
1410068,8,936,257,1193,TRUE,339,257,-82
1410069,4,706,357,1063,TRUE,174,357,183
1410069,8,763,285,1048,TRUE,238,285,47
1410070,4,507,195,702,TRUE,155,195,40
1410070,8,517,137,654,TRUE,189,137,-52
1410071,4,409,180,589,TRUE,114,180,66
1410071,8,408,141,549,TRUE,133,141,8
1410072,4,759,264,1023,TRUE,247,264,17
1410072,8,790,190,980,TRUE,299,190,-109
1410073,4,512,353,865,TRUE,79,353,274
1410073,8,531,302,833,TRUE,114,302,188
1410074,4,422,198,620,TRUE,111,198,87
1410074,8,468,155,623,TRUE,156,155,-1
1410075,4,677,351,1028,TRUE,162,351,189
1410075,8,766,261,1027,TRUE,252,261,9
1410076,4,486,192,678,TRUE,146,192,46
1410076,8,504,163,667,TRUE,170,163,-7
1410077,4,237,66,303,TRUE,85,66,-19
1410077,8,273,57,330,TRUE,107,57,-50
1410078,4,472,114,586,TRUE,178,114,-64
1410078,8,517,92,609,TRUE,212,92,-120
1410079,4,166,43,209,TRUE,61,43,-18
1410079,8,156,31,187,TRUE,62,31,-31
1410080,4,769,246,1015,TRUE,261,246,-15
1410080,8,749,177,926,TRUE,285,177,-108
1410081,4,532,144,676,TRUE,193,144,-49
1410081,8,486,108,594,TRUE,188,108,-80
1410082,4,869,243,1112,TRUE,312,243,-69
1410082,8,915,172,1087,TRUE,371,172,-199
1410083,4,646,221,867,TRUE,212,221,9
1410083,8,674,146,820,TRUE,263,146,-117
1410084,4,42,78,120,FALSE,42,17,-25
1410084,8,117,93,210,TRUE,11,93,82
1410085,4,0,5,5,FALSE,0,2,2
1410085,8,0,0,0,FALSE,0,-1,-1
1410086,4,259,467,726,FALSE,259,103,-156
1410086,8,272,304,576,FALSE,272,15,-257
1410087,4,896,596,1492,TRUE,149,596,447
1410087,8,1090,461,1551,TRUE,314,461,147
1410088,4,522,566,1088,FALSE,522,21,-501
1410088,8,627,474,1101,TRUE,76,474,398
1410089,4,327,213,540,TRUE,56,213,157
1410089,8,349,188,537,TRUE,80,188,108
1410090,4,890,953,1843,FALSE,890,31,-859
1410090,8,1002,817,1819,TRUE,92,817,725
1410091,4,502,404,906,TRUE,48,404,356
1410091,8,548,358,906,TRUE,94,358,264
1410092,4,764,673,1437,TRUE,45,673,628
1410092,8,934,508,1442,TRUE,212,508,296
1410093,4,797,793,1590,TRUE,1,793,792
1410093,8,871,656,1527,TRUE,107,656,549
1410094,4,851,884,1735,FALSE,851,16,-835
1410094,8,1000,764,1764,TRUE,117,764,647
1410095,4,560,566,1126,FALSE,560,2,-558
1410095,8,642,447,1089,TRUE,97,447,350
1410096,4,647,654,1301,FALSE,647,3,-644
1410096,8,741,579,1320,TRUE,80,579,499
1410097,4,326,293,619,TRUE,16,293,277
1410097,8,418,199,617,TRUE,109,199,90
1410098,4,699,627,1326,TRUE,35,627,592
1410098,8,930,516,1446,TRUE,206,516,310
1410099,4,688,603,1291,TRUE,42,603,561
1410099,8,840,538,1378,TRUE,150,538,388
1410100,4,716,466,1182,TRUE,124,466,342
1410100,8,838,380,1218,TRUE,228,380,152
1410101,4,489,673,1162,FALSE,489,91,-398
1410101,8,591,553,1144,TRUE,18,553,535
1410102,4,762,834,1596,FALSE,762,35,-727
1410102,8,890,657,1547,TRUE,116,657,541
1410103,4,778,620,1398,TRUE,78,620,542
1410103,8,912,523,1435,TRUE,194,523,329
1410104,4,816,609,1425,TRUE,103,609,506
1410104,8,972,485,1457,TRUE,243,485,242
1410105,4,605,505,1110,TRUE,49,505,456
1410105,8,732,428,1160,TRUE,151,428,277
1410106,4,480,724,1204,FALSE,480,121,-359
1410106,8,585,632,1217,FALSE,585,23,-562
1410107,4,517,494,1011,TRUE,11,494,483
1410107,8,621,384,1005,TRUE,118,384,266
1410108,4,806,665,1471,TRUE,70,665,595
1410108,8,932,543,1475,TRUE,194,543,349
1410109,4,839,646,1485,TRUE,96,646,550
1410109,8,1451,498,1949,TRUE,476,498,22
1410110,4,1147,835,1982,TRUE,155,835,680
1410110,8,1891,771,2662,TRUE,559,771,212
1410111,4,477,388,865,TRUE,44,388,344
1410111,8,2328,959,3287,TRUE,684,959,275
1410112,4,756,615,1371,TRUE,70,615,545
1410112,8,1022,488,1510,TRUE,266,488,222
1410113,4,577,521,1098,TRUE,27,521,494
1410113,8,754,435,1189,TRUE,159,435,276
1410114,4,524,476,1000,TRUE,23,476,453
1410114,8,741,434,1175,TRUE,153,434,281
1410115,4,801,577,1378,TRUE,111,577,466
1410115,8,1010,436,1446,TRUE,286,436,150
1410116,4,500,419,919,TRUE,40,419,379
1410116,8,740,323,1063,TRUE,208,323,115
1410117,4,870,635,1505,TRUE,117,635,518
1410117,8,1151,414,1565,TRUE,368,414,46
1410118,4,832,492,1324,TRUE,169,492,323
1410118,8,1061,362,1423,TRUE,349,362,13
1410119,4,1188,871,2059,TRUE,158,871,713
1410119,8,2141,776,2917,TRUE,682,776,94
1410120,4,807,816,1623,FALSE,807,4,-803
1410120,8,1373,821,2194,TRUE,275,821,546
1410121,4,70,48,118,TRUE,10,48,38
1410121,8,98,29,127,TRUE,34,29,-5
1410122,4,966,298,1264,TRUE,333,298,-35
1410122,8,1037,211,1248,TRUE,412,211,-201
1410123,4,386,217,603,TRUE,84,217,133
1410123,8,467,168,635,TRUE,149,168,19
1410124,4,844,302,1146,TRUE,270,302,32
1410124,8,921,201,1122,TRUE,359,201,-158
1410125,4,693,241,934,TRUE,225,241,16
1410125,8,718,158,876,TRUE,279,158,-121
1410126,4,664,231,895,TRUE,216,231,15
1410126,8,822,135,957,TRUE,343,135,-208
1410127,4,792,271,1063,TRUE,260,271,11
1410127,8,892,181,1073,TRUE,355,181,-174
1410128,4,673,284,957,TRUE,194,284,90
1410128,8,685,235,920,TRUE,224,235,11
1410129,4,533,193,726,TRUE,169,193,24
1410129,8,594,128,722,TRUE,232,128,-104
1410130,4,414,183,597,TRUE,115,183,68
1410130,8,452,122,574,TRUE,164,122,-42
1410131,4,471,173,644,TRUE,148,173,25
1410131,8,507,106,613,TRUE,200,106,-94
1410132,4,825,308,1133,TRUE,258,308,50
1410132,8,1005,210,1215,TRUE,397,210,-187
1410133,4,787,377,1164,TRUE,204,377,173
1410133,8,946,239,1185,TRUE,353,239,-114
1410134,4,599,293,892,TRUE,152,293,141
1410134,8,766,205,971,TRUE,280,205,-75
1410135,4,461,186,647,TRUE,137,186,49
1410135,8,506,121,627,TRUE,192,121,-71
1410136,4,466,177,643,TRUE,144,177,33
1410136,8,561,146,707,TRUE,207,146,-61
1410137,4,758,242,1000,TRUE,257,242,-15
1410137,8,837,186,1023,TRUE,325,186,-139
1410138,4,835,355,1190,TRUE,239,355,116
1410138,8,911,248,1159,TRUE,331,248,-83
1410139,4,634,223,857,TRUE,205,223,18
1410139,8,686,152,838,TRUE,266,152,-114
1410140,4,752,277,1029,TRUE,237,277,40
1410140,8,944,176,1120,TRUE,383,176,-207
1410141,4,1194,435,1629,TRUE,379,435,56
1410141,8,1436,339,1775,TRUE,548,339,-209
1410142,4,293,103,396,TRUE,94,103,9
1410142,8,392,76,468,TRUE,157,76,-81
1410143,4,632,276,908,TRUE,177,276,99
1410143,8,734,196,930,TRUE,268,196,-72
1410144,4,769,300,1069,TRUE,234,300,66
1410144,8,1016,193,1209,TRUE,411,193,-218
1410145,4,553,170,723,TRUE,191,170,-21
1410145,8,650,116,766,TRUE,266,116,-150
1410146,4,90,91,181,FALSE,90,0,-90
1410146,8,133,82,215,TRUE,25,82,57
NA,4,0,0,0,FALSE,0,-1,-1
NA,8,0,0,0,FALSE,0,-1,-1
NA,4,665,938,1603,FALSE,665,136,-529
NA,8,1397,982,2379,TRUE,207,982,775
1410148,4,428,160,588,TRUE,133,160,27
1410148,8,775,111,886,TRUE,331,111,-220
1410149,4,591,243,834,TRUE,173,243,70
1410149,8,802,161,963,TRUE,320,161,-159
1410150,4,275,165,440,TRUE,54,165,111
1410150,8,377,96,473,TRUE,140,96,-44
1410151,4,462,155,617,TRUE,153,155,2
1410151,8,824,147,971,TRUE,338,147,-191
1410152,4,575,281,856,TRUE,146,281,135
1410152,8,752,181,933,TRUE,285,181,-104
1410153,4,907,368,1275,TRUE,269,368,99
1410153,8,1066,222,1288,TRUE,421,222,-199
1410154,4,728,279,1007,TRUE,224,279,55
1410154,8,875,140,1015,TRUE,367,140,-227
1410155,4,368,474,842,FALSE,368,52,-316
1410155,8,606,376,982,TRUE,114,376,262
1410156,4,635,236,871,TRUE,199,236,37
1410156,8,955,156,1111,TRUE,399,156,-243
1410157,4,530,374,904,TRUE,77,374,297
1410157,8,1220,387,1607,TRUE,416,387,-29
1410158,4,520,523,1043,FALSE,520,1,-519
1410158,8,665,433,1098,TRUE,115,433,318
1410159,4,847,270,1117,TRUE,288,270,-18
1410159,8,1166,193,1359,TRUE,486,193,-293
1410160,4,1100,481,1581,TRUE,309,481,172
1410160,8,1396,351,1747,TRUE,522,351,-171
1410161,4,238,161,399,TRUE,38,161,123
1410161,8,332,112,444,TRUE,109,112,3
1410162,4,68,61,129,TRUE,3,61,58
1410162,8,79,40,119,TRUE,19,40,21
1410163,4,0,0,0,FALSE,0,-1,-1
1410163,8,0,0,0,FALSE,0,-1,-1
1410164,4,11,16,27,FALSE,11,2,-9
1410164,8,3,2,5,TRUE,0,2,2
1410165,4,604,502,1106,TRUE,50,502,452
1410165,8,1011,445,1456,TRUE,282,445,163
1410166,4,44,28,72,TRUE,7,28,21
1410166,8,0,0,0,FALSE,0,-1,-1
1410167,4,142,101,243,TRUE,20,101,81
1410167,8,347,143,490,TRUE,101,143,42
1410168,4,2,0,2,TRUE,0,0,0
1410168,8,11,2,13,TRUE,4,2,-2
1410169,4,15,11,26,TRUE,1,11,10
1410169,8,24,13,37,TRUE,5,13,8
1410170,4,0,0,0,FALSE,0,-1,-1
1410170,8,63,81,144,FALSE,63,8,-55
1410171,4,0,0,0,FALSE,0,-1,-1
1410171,8,0,0,0,FALSE,0,-1,-1
1410172,4,0,0,0,FALSE,0,-1,-1
1410172,8,0,0,0,FALSE,0,-1,-1
1410173,4,0,0,0,FALSE,0,-1,-1
1410173,8,0,0,0,FALSE,0,-1,-1
1430010,4,111,359,470,FALSE,111,123,12
1430010,8,158,446,604,FALSE,158,143,-15
1430011,4,170,430,600,FALSE,170,129,-41
1430011,8,176,421,597,FALSE,176,122,-54
1430012,4,138,545,683,FALSE,138,203,65
1430012,8,178,698,876,FALSE,178,259,81
1430018,4,167,714,881,FALSE,167,273,106
1430018,8,186,763,949,FALSE,186,288,102
1430019,4,116,401,517,FALSE,116,142,26
1430019,8,138,496,634,FALSE,138,178,40
1430020,4,178,602,780,FALSE,178,211,33
1430020,8,186,590,776,FALSE,186,201,15
1430021,4,184,657,841,FALSE,184,236,52
1430021,8,206,635,841,FALSE,206,214,8
1430023,4,61,244,305,FALSE,61,91,30
1430023,8,71,252,323,FALSE,71,90,19
1430024,4,115,438,553,FALSE,115,161,46
1430024,8,123,467,590,FALSE,123,171,48
1430025,4,81,352,433,FALSE,81,135,54
1430025,8,90,357,447,FALSE,90,133,43
1430030,4,72,274,346,FALSE,72,100,28
1430030,8,58,311,369,FALSE,58,126,68
1430031,4,128,466,594,FALSE,128,168,40
1430031,8,146,531,677,FALSE,146,192,46
1430032,4,175,701,876,FALSE,175,262,87
1430032,8,222,735,957,FALSE,222,256,34
1430033,4,160,420,580,FALSE,160,129,-31
1430033,8,259,598,857,FALSE,259,169,-90
1430034,4,98,362,460,FALSE,98,131,33
1430034,8,97,492,589,FALSE,97,197,100
1430041,4,75,289,364,FALSE,75,106,31
1430041,8,65,396,461,FALSE,65,165,100
1430044,4,181,601,782,FALSE,181,209,28
1430044,8,169,775,944,FALSE,169,302,133
1430045,4,234,717,951,FALSE,234,241,7
1430045,8,287,797,1084,FALSE,287,254,-33
1430046,4,127,399,526,FALSE,127,135,8
1430046,8,141,417,558,FALSE,141,137,-4
1430047,4,139,535,674,FALSE,139,197,58
1430047,8,172,591,763,FALSE,172,209,37
1450101,4,193,245,438,FALSE,193,25,-168
1450101,8,181,204,385,FALSE,181,11,-170
1450104,4,146,332,478,FALSE,146,92,-54
1450104,8,96,363,459,FALSE,96,133,37
1450105,4,192,392,584,FALSE,192,99,-93
1450105,8,163,331,494,FALSE,163,83,-80
1450201,4,139,228,367,FALSE,139,44,-95
1450201,8,92,196,288,FALSE,92,51,-41
1450203,4,279,32,311,TRUE,123,32,-91
1450203,8,267,21,288,TRUE,122,21,-101
1450204,4,422,102,524,TRUE,159,102,-57
1450204,8,434,103,537,TRUE,165,103,-62
1450301,4,102,238,340,FALSE,102,67,-35
1450301,8,88,270,358,FALSE,88,90,2
1450302,4,82,48,130,TRUE,16,48,32
1450302,8,68,54,122,TRUE,6,54,48
1450303,4,53,282,335,FALSE,53,114,61
1450303,8,54,255,309,FALSE,54,100,46
1450304,4,229,433,662,FALSE,229,101,-128
1450304,8,241,396,637,FALSE,241,77,-164
1450403,4,348,624,972,FALSE,348,137,-211
1450403,8,354,660,1014,FALSE,354,152,-202
1450404,4,174,386,560,FALSE,174,105,-69
1450404,8,154,386,540,FALSE,154,115,-39
1450405,4,68,112,180,FALSE,68,21,-47
1450405,8,33,89,122,FALSE,33,27,-6
1470001,4,291,588,879,FALSE,291,148,-143
1470001,8,238,543,781,FALSE,238,152,-86
1470002,4,209,408,617,FALSE,209,99,-110
1470002,8,134,513,647,FALSE,134,189,55
1470003,4,135,273,408,FALSE,135,68,-67
1470003,8,143,235,378,FALSE,143,45,-98
1470004,4,288,570,858,FALSE,288,140,-148
1470004,8,298,491,789,FALSE,298,96,-202
1470005,4,108,212,320,FALSE,108,51,-57
1470005,8,92,236,328,FALSE,92,71,-21
1470006,4,148,295,443,FALSE,148,73,-75
1470006,8,113,302,415,FALSE,113,94,-19
1470007,4,103,204,307,FALSE,103,50,-53
1470007,8,82,246,328,FALSE,82,81,-1
1470008,4,56,109,165,FALSE,56,26,-30
1470008,8,32,87,119,FALSE,32,27,-5
1470009,4,184,361,545,FALSE,184,88,-96
1470009,8,154,403,557,FALSE,154,124,-30
1470010,4,336,653,989,FALSE,336,158,-178
1470010,8,298,871,1169,FALSE,298,286,-12
1470011,4,428,849,1277,FALSE,428,210,-218
1470011,8,333,937,1270,FALSE,333,301,-32
1470012,4,232,450,682,FALSE,232,108,-124
1470012,8,184,476,660,FALSE,184,145,-39
1470013,4,76,154,230,FALSE,76,38,-38
1470013,8,58,133,191,FALSE,58,37,-21
1470014,4,70,133,203,FALSE,70,31,-39
1470014,8,53,106,159,FALSE,53,26,-27
1470015,4,171,330,501,FALSE,171,79,-92
1470015,8,132,425,557,FALSE,132,146,14
1470016,4,73,144,217,FALSE,73,35,-38
1470016,8,71,148,219,FALSE,71,38,-33
1470017,4,60,118,178,FALSE,60,28,-32
1470017,8,63,109,172,FALSE,63,22,-41
1470018,4,659,1301,1960,FALSE,659,320,-339
1470018,8,543,1162,1705,FALSE,543,309,-234
1470019,4,374,741,1115,FALSE,374,183,-191
1470019,8,443,669,1112,FALSE,443,112,-331
1490002,4,24,95,119,FALSE,24,35,11
1490002,8,35,91,126,FALSE,35,27,-8
1490003,4,44,180,224,FALSE,44,67,23
1490003,8,50,180,230,FALSE,50,64,14
1490004,4,107,374,481,FALSE,107,133,26
1490004,8,124,361,485,FALSE,124,118,-6
1490005,4,25,117,142,FALSE,25,45,20
1490005,8,38,133,171,FALSE,38,47,9
1490006,4,63,197,260,FALSE,63,66,3
1490006,8,75,227,302,FALSE,75,75,0
1490007,4,84,264,348,FALSE,84,89,5
1490007,8,78,315,393,FALSE,78,118,40
1490008,4,37,183,220,FALSE,37,72,35
1490008,8,44,204,248,FALSE,44,79,35
1490009,4,27,113,140,FALSE,27,42,15
1490009,8,30,118,148,FALSE,30,43,13
1490010,4,94,302,396,FALSE,94,103,9
1490010,8,89,299,388,FALSE,89,104,15
1490011,4,50,216,266,FALSE,50,82,32
1490011,8,47,233,280,FALSE,47,92,45
1490012,4,80,183,263,FALSE,80,51,-29
1490012,8,87,153,240,FALSE,87,32,-55
1490013,4,100,229,329,FALSE,100,64,-36
1490013,8,123,263,386,FALSE,123,69,-54
1490014,4,37,108,145,FALSE,37,35,-2
1490014,8,27,112,139,FALSE,27,42,15
1490015,4,48,135,183,FALSE,48,43,-5
1490015,8,50,143,193,FALSE,50,46,-4
1490016,4,294,611,905,FALSE,294,158,-136
1490016,8,297,591,888,FALSE,297,146,-151
1490017,4,72,203,275,FALSE,72,65,-7
1490017,8,69,199,268,FALSE,69,64,-5
149001,4,140,395,535,FALSE,140,127,-13
149001,8,166,426,592,FALSE,166,129,-37
NA,4,425,1060,1485,FALSE,425,317,-108
NA,8,456,947,1403,FALSE,456,245,-211
NA,4,105,432,537,FALSE,105,163,58
NA,8,145,390,535,FALSE,145,122,-23
1490020,4,106,352,458,FALSE,106,122,16
1490020,8,120,375,495,FALSE,120,127,7
1490021,4,46,115,161,FALSE,46,34,-12
1490021,8,43,136,179,FALSE,43,46,3
1490022,4,41,93,134,FALSE,41,25,-16
1490022,8,21,105,126,FALSE,21,41,20
1490023,4,53,89,142,FALSE,53,17,-36
1490023,8,50,87,137,FALSE,50,18,-32
1490024,4,60,108,168,FALSE,60,23,-37
1490024,8,46,116,162,FALSE,46,34,-12
1490025,4,554,1100,1654,FALSE,554,272,-282
1490025,8,569,1108,1677,FALSE,569,269,-300
1490026,4,87,273,360,FALSE,87,92,5
1490026,8,135,270,405,FALSE,135,67,-68
150101,4,290,1073,1363,FALSE,290,391,101
150101,8,328,1117,1445,FALSE,328,394,66
150102,4,138,351,489,FALSE,138,106,-32
150102,8,169,387,556,FALSE,169,108,-61
150103,4,104,624,728,FALSE,104,259,155
150103,8,123,654,777,FALSE,123,265,142
150104,4,64,275,339,FALSE,64,105,41
150104,8,52,288,340,FALSE,52,117,65
150205,4,218,729,947,FALSE,218,255,37
150205,8,246,744,990,FALSE,246,248,2
150206,4,75,287,362,FALSE,75,105,30
150206,8,86,306,392,FALSE,86,109,23
150207,4,34,205,239,FALSE,34,85,51
150207,8,37,229,266,FALSE,37,95,58
150208,4,64,305,369,FALSE,64,120,56
150208,8,78,336,414,FALSE,78,128,50
150209,4,80,298,378,FALSE,80,108,28
150209,8,83,301,384,FALSE,83,108,25
150210,4,81,378,459,FALSE,81,148,67
150210,8,92,383,475,FALSE,92,145,53
150211,4,39,174,213,FALSE,39,67,28
150211,8,50,202,252,FALSE,50,75,25
150312,4,49,253,302,FALSE,49,101,52
150312,8,46,320,366,FALSE,46,136,90
150314,4,316,660,976,FALSE,316,171,-145
150314,8,378,805,1183,FALSE,378,213,-165
150319,4,215,681,896,FALSE,215,232,17
150319,8,210,727,937,FALSE,210,258,48
150413,4,51,132,183,FALSE,51,40,-11
150413,8,66,163,229,FALSE,66,48,-18
150415,4,329,505,834,FALSE,329,87,-242
150415,8,301,547,848,FALSE,301,122,-179
150416,4,151,409,560,FALSE,151,128,-23
150416,8,172,439,611,FALSE,172,133,-39
150417,4,160,222,382,FALSE,160,30,-130
150417,8,185,242,427,FALSE,185,28,-157
150418,4,124,511,635,FALSE,124,193,69
150418,8,119,596,715,FALSE,119,238,119
1510001,4,24,27,51,FALSE,24,1,-23
1510001,8,35,43,78,FALSE,35,3,-32
1510002,4,61,121,182,FALSE,61,29,-32
1510002,8,58,81,139,FALSE,58,11,-47
1510004,4,145,209,354,FALSE,145,31,-114
1510004,8,187,214,401,FALSE,187,13,-174
1510006,4,67,55,122,TRUE,5,55,50
1510006,8,42,49,91,FALSE,42,3,-39
1510010,4,161,232,393,FALSE,161,35,-126
1510010,8,138,185,323,FALSE,138,23,-115
1510012,4,143,237,380,FALSE,143,46,-97
1510012,8,121,227,348,FALSE,121,52,-69
1510013,4,29,46,75,FALSE,29,8,-21
1510013,8,16,43,59,FALSE,16,13,-3
1510017,4,36,87,123,FALSE,36,25,-11
1510017,8,20,87,107,FALSE,20,33,13
1510018,4,38,74,112,FALSE,38,17,-21
1510018,8,31,71,102,FALSE,31,19,-12
1510022,4,51,72,123,FALSE,51,10,-41
1510022,8,39,83,122,FALSE,39,21,-18
1530001,4,168,771,939,FALSE,168,301,133
1530001,8,184,703,887,FALSE,184,259,75
1530009,4,20,86,106,FALSE,20,32,12
1530009,8,19,78,97,FALSE,19,29,10
1530018,4,118,634,752,FALSE,118,257,139
1530018,8,139,562,701,FALSE,139,211,72
1530023,4,117,320,437,FALSE,117,101,-16
1530023,8,216,283,499,FALSE,216,33,-183
1530024,4,122,221,343,FALSE,122,49,-73
1530024,8,172,158,330,TRUE,6,158,152
1550101,4,46,71,117,FALSE,46,12,-34
1550101,8,38,59,97,FALSE,38,10,-28
1550201,4,60,86,146,FALSE,60,12,-48
1550201,8,42,104,146,FALSE,42,30,-12
1550301,4,60,88,148,FALSE,60,13,-47
1550301,8,54,74,128,FALSE,54,9,-45
1550401,4,69,102,171,FALSE,69,16,-53
1550401,8,64,90,154,FALSE,64,12,-52
1571001,4,370,799,1169,FALSE,370,214,-156
1571001,8,355,760,1115,FALSE,355,202,-153
1571002,4,348,41,389,TRUE,153,41,-112
1571002,8,380,35,415,TRUE,172,35,-137
1571003,4,514,234,748,TRUE,139,234,95
1571003,8,799,205,1004,TRUE,296,205,-91
1571007,4,321,634,955,FALSE,321,156,-165
1571007,8,851,1099,1950,FALSE,851,123,-728
1571008,4,166,414,580,FALSE,166,123,-43
1571008,8,155,405,560,FALSE,155,124,-31
1571010,4,594,1504,2098,FALSE,594,454,-140
1571010,8,619,1652,2271,FALSE,619,516,-103
1571012,4,460,682,1142,FALSE,460,110,-350
1571012,8,447,591,1038,FALSE,447,71,-376
1571013,4,391,830,1221,FALSE,391,219,-172
1571013,8,545,811,1356,FALSE,545,132,-413
1571015,4,149,449,598,FALSE,149,149,0
1571015,8,187,456,643,FALSE,187,134,-53
1571016,4,302,636,938,FALSE,302,166,-136
1571016,8,281,609,890,FALSE,281,163,-118
1571018,4,200,756,956,FALSE,200,277,77
1571018,8,225,788,1013,FALSE,225,281,56
1571021,4,57,385,442,FALSE,57,163,106
1571021,8,65,391,456,FALSE,65,162,97
1571024,4,109,377,486,FALSE,109,133,24
1571024,8,143,388,531,FALSE,143,122,-21
1571025,4,409,1072,1481,FALSE,409,331,-78
1571025,8,663,1133,1796,FALSE,663,234,-429
1571037,4,251,389,640,FALSE,251,68,-183
1571037,8,308,317,625,FALSE,308,4,-304
1571039,4,194,208,402,FALSE,194,6,-188
1571039,8,247,166,413,TRUE,40,166,126
1571040,4,778,287,1065,TRUE,245,287,42
1571040,8,772,222,994,TRUE,274,222,-52
1571048,4,296,315,611,FALSE,296,9,-287
1571048,8,407,238,645,TRUE,84,238,154
1571054,4,23,75,98,FALSE,23,25,2
1571054,8,23,72,95,FALSE,23,24,1
1571058,4,72,161,233,FALSE,72,44,-28
1571058,8,265,189,454,TRUE,37,189,152
1571067,4,435,454,889,FALSE,435,9,-426
1571067,8,970,628,1598,TRUE,170,628,458
1571068,4,54,250,304,FALSE,54,97,43
1571068,8,43,268,311,FALSE,43,112,69
1571072,4,268,119,387,TRUE,74,119,45
1571072,8,279,76,355,TRUE,101,76,-25
1571073,4,258,618,876,FALSE,258,179,-79
1571073,8,271,592,863,FALSE,271,160,-111
1571074,4,506,734,1240,FALSE,506,113,-393
1571074,8,751,737,1488,TRUE,6,737,731
1571076,4,609,613,1222,FALSE,609,1,-608
1571076,8,1385,988,2373,TRUE,198,988,790
1571085,4,735,1205,1940,FALSE,735,234,-501
1571085,8,854,1019,1873,FALSE,854,82,-772
1571087,4,309,1016,1325,FALSE,309,353,44
1571087,8,442,1159,1601,FALSE,442,358,-84
1571097,4,375,857,1232,FALSE,375,240,-135
1571097,8,1029,1428,2457,FALSE,1029,199,-830
1571103,4,258,835,1093,FALSE,258,288,30
1571103,8,526,1368,1894,FALSE,526,420,-106
1571114,4,1799,427,2226,TRUE,685,427,-258
1571114,8,3296,224,3520,TRUE,1535,224,-1311
1571118,4,515,1176,1691,FALSE,515,330,-185
1571118,8,1228,1704,2932,FALSE,1228,237,-991
1571120,4,377,1441,1818,FALSE,377,531,154
1571120,8,507,1404,1911,FALSE,507,448,-59
1571128,4,445,1447,1892,FALSE,445,500,55
1571128,8,694,1662,2356,FALSE,694,483,-211
1571134,4,49,96,145,FALSE,49,23,-26
1571134,8,125,118,243,TRUE,3,118,115
1572017,4,1549,150,1699,TRUE,699,150,-549
1572017,8,1735,63,1798,TRUE,835,63,-772
1572023,4,1220,266,1486,TRUE,476,266,-210
1572023,8,1308,174,1482,TRUE,566,174,-392
1572027,4,7,5,12,TRUE,0,5,5
1572027,8,4,5,9,FALSE,4,0,-4
1572028,4,528,1163,1691,FALSE,528,317,-211
1572028,8,682,982,1664,FALSE,682,149,-533
1572030,4,602,1461,2063,FALSE,602,429,-173
1572030,8,775,1345,2120,FALSE,775,284,-491
1572031,4,1629,149,1778,TRUE,739,149,-590
1572031,8,1847,79,1926,TRUE,883,79,-804
1572033,4,277,196,473,TRUE,40,196,156
1572033,8,345,138,483,TRUE,103,138,35
1572034,4,58,9,67,TRUE,24,9,-15
1572034,8,991,52,1043,TRUE,469,52,-417
1572036,4,711,68,779,TRUE,321,68,-253
1572036,8,742,31,773,TRUE,355,31,-324
1572050,4,1714,170,1884,TRUE,771,170,-601
1572050,8,2040,82,2122,TRUE,978,82,-896
1572051,4,1031,81,1112,TRUE,474,81,-393
1572051,8,1336,35,1371,TRUE,650,35,-615
1572052,4,1368,104,1472,TRUE,631,104,-527
1572052,8,1503,48,1551,TRUE,727,48,-679
1572055,4,586,43,629,TRUE,271,43,-228
1572055,8,691,13,704,TRUE,338,13,-325
1572056,4,296,123,419,TRUE,86,123,37
1572056,8,295,115,410,TRUE,89,115,26
1572059,4,1392,172,1564,TRUE,609,172,-437
1572059,8,1560,93,1653,TRUE,733,93,-640
1572060,4,532,362,894,TRUE,84,362,278
1572060,8,1090,422,1512,TRUE,333,422,89
1572061,4,421,450,871,FALSE,421,14,-407
1572061,8,908,573,1481,TRUE,167,573,406
1572070,4,199,277,476,FALSE,199,38,-161
1572070,8,234,248,482,FALSE,234,6,-228
1572071,4,177,29,206,TRUE,73,29,-44
1572071,8,243,29,272,TRUE,106,29,-77
1572075,4,765,108,873,TRUE,328,108,-220
1572075,8,921,60,981,TRUE,430,60,-370
1572077,4,732,176,908,TRUE,277,176,-101
1572077,8,909,117,1026,TRUE,395,117,-278
1572078,4,80,40,120,TRUE,19,40,21
1572078,8,210,67,277,TRUE,71,67,-4
1572079,4,74,70,144,TRUE,1,70,69
1572079,8,195,63,258,TRUE,65,63,-2
1572081,4,254,235,489,TRUE,9,235,226
1572081,8,367,199,566,TRUE,83,199,116
1572088,4,817,550,1367,TRUE,133,550,417
1572088,8,931,488,1419,TRUE,221,488,267
1572089,4,609,65,674,TRUE,271,65,-206
1572089,8,809,24,833,TRUE,392,24,-368
1572090,4,377,510,887,FALSE,377,66,-311
1572090,8,470,429,899,TRUE,20,429,409
1572091,4,252,195,447,TRUE,28,195,167
1572091,8,386,203,589,TRUE,91,203,112
1572092,4,280,327,607,FALSE,280,23,-257
1572092,8,339,261,600,TRUE,38,261,223
1572093,4,52,109,161,FALSE,52,28,-24
1572093,8,163,95,258,TRUE,33,95,62
1572096,4,608,663,1271,FALSE,608,27,-581
1572096,8,837,490,1327,TRUE,173,490,317
1572108,4,817,871,1688,FALSE,817,26,-791
1572108,8,1734,1092,2826,TRUE,320,1092,772
1572112,4,132,72,204,TRUE,29,72,43
1572112,8,135,52,187,TRUE,41,52,11
1572115,4,623,449,1072,TRUE,86,449,363
1572115,8,765,306,1071,TRUE,229,306,77
1572116,4,1386,146,1532,TRUE,619,146,-473
1572116,8,1684,68,1752,TRUE,807,68,-739
1572117,4,58,57,115,TRUE,0,57,57
1572117,8,64,54,118,TRUE,4,54,50
1572123,4,913,80,993,TRUE,416,80,-336
1572123,8,1145,46,1191,TRUE,549,46,-503
1572136,4,158,128,286,TRUE,14,128,114
1572136,8,164,91,255,TRUE,36,91,55
1572137,4,146,116,262,TRUE,14,116,102
1572137,8,174,91,265,TRUE,41,91,50
1572138,4,128,35,163,TRUE,46,35,-11
1572138,8,150,35,185,TRUE,57,35,-22
1572139,4,26,6,32,TRUE,9,6,-3
1572139,8,36,5,41,TRUE,15,5,-10
1572140,4,288,311,599,FALSE,288,11,-277
1572140,8,379,226,605,TRUE,76,226,150
1572141,4,2,2,4,FALSE,2,-1,-3
1572141,8,108,3,111,TRUE,52,3,-49
1573004,4,749,2362,3111,FALSE,749,806,57
1573004,8,1140,2429,3569,FALSE,1140,644,-496
1573005,4,271,1107,1378,FALSE,271,417,146
1573005,8,612,1740,2352,FALSE,612,563,-49
1573006,4,373,1425,1798,FALSE,373,525,152
1573006,8,713,2429,3142,FALSE,713,857,144
1573009,4,529,1852,2381,FALSE,529,661,132
1573009,8,579,1777,2356,FALSE,579,598,19
1573014,4,351,1470,1821,FALSE,351,559,208
1573014,8,708,2154,2862,FALSE,708,722,14
1573019,4,150,515,665,FALSE,150,182,32
1573019,8,172,542,714,FALSE,172,184,12
1573020,4,471,1481,1952,FALSE,471,504,33
1573020,8,542,1461,2003,FALSE,542,459,-83
1573022,4,655,1535,2190,FALSE,655,439,-216
1573022,8,710,1398,2108,FALSE,710,343,-367
1573032,4,854,816,1670,TRUE,18,816,798
1573032,8,1054,759,1813,TRUE,147,759,612
1573035,4,318,728,1046,FALSE,318,204,-114
1573035,8,566,787,1353,FALSE,566,110,-456
1573038,4,273,913,1186,FALSE,273,319,46
1573038,8,1823,4487,6310,FALSE,1823,1331,-492
1573041,4,358,1457,1815,FALSE,358,549,191
1573041,8,382,1422,1804,FALSE,382,519,137
1573043,4,112,112,224,FALSE,112,-1,-113
1573043,8,162,111,273,TRUE,25,111,86
1573053,4,865,949,1814,FALSE,865,41,-824
1573053,8,936,1068,2004,FALSE,936,65,-871
1573057,4,45,238,283,FALSE,45,96,51
1573057,8,75,232,307,FALSE,75,78,3
1573063,4,463,1948,2411,FALSE,463,742,279
1573063,8,517,1888,2405,FALSE,517,685,168
1573066,4,1346,768,2114,TRUE,288,768,480
1573066,8,1656,653,2309,TRUE,501,653,152
1573069,4,103,192,295,FALSE,103,44,-59
1573069,8,112,186,298,FALSE,112,36,-76
1573082,4,37,72,109,FALSE,37,17,-20
1573082,8,115,145,260,FALSE,115,14,-101
1573083,4,6,12,18,FALSE,6,2,-4
1573083,8,1315,978,2293,TRUE,168,978,810
1573086,4,483,375,858,TRUE,53,375,322
1573086,8,684,457,1141,TRUE,113,457,344
1573095,4,523,1016,1539,FALSE,523,246,-277
1573095,8,1640,2077,3717,FALSE,1640,218,-1422
1573098,4,599,687,1286,FALSE,599,43,-556
1573098,8,627,563,1190,TRUE,31,563,532
1573099,4,758,894,1652,FALSE,758,67,-691
1573099,8,981,744,1725,TRUE,118,744,626
1573100,4,823,717,1540,TRUE,52,717,665
1573100,8,958,560,1518,TRUE,198,560,362
1573101,4,966,670,1636,TRUE,147,670,523
1573101,8,1294,532,1826,TRUE,380,532,152
1573104,4,497,2160,2657,FALSE,497,831,334
1573104,8,642,1979,2621,FALSE,642,668,26
1573106,4,543,605,1148,FALSE,543,30,-513
1573106,8,1321,693,2014,TRUE,313,693,380
1573113,4,651,181,832,TRUE,234,181,-53
1573113,8,1328,248,1576,TRUE,539,248,-291
1573122,4,503,2115,2618,FALSE,503,805,302
1573122,8,657,2077,2734,FALSE,657,709,52
1573130,4,518,2257,2775,FALSE,518,869,351
1573130,8,1016,2838,3854,FALSE,1016,910,-106
1573132,4,460,1629,2089,FALSE,460,584,124
1573132,8,759,2038,2797,FALSE,759,639,-120
1573133,4,438,1759,2197,FALSE,438,660,222
1573133,8,598,1866,2464,FALSE,598,633,35
1573142,4,1,5,6,FALSE,1,1,0
1573142,8,12,29,41,FALSE,12,8,-4
1573143,4,27,90,117,FALSE,27,31,4
1573143,8,180,446,626,FALSE,180,132,-48
1573144,4,2,5,7,FALSE,2,1,-1
1573144,8,8,19,27,FALSE,8,5,-3
1574011,4,410,902,1312,FALSE,410,245,-165
1574011,8,456,820,1276,FALSE,456,181,-275
1574026,4,772,1582,2354,FALSE,772,404,-368
1574026,8,966,1527,2493,FALSE,966,280,-686
1574029,4,371,1103,1474,FALSE,371,365,-6
1574029,8,405,1085,1490,FALSE,405,339,-66
1574042,4,144,452,596,FALSE,144,153,9
1574042,8,163,443,606,FALSE,163,139,-24
1574044,4,16,75,91,FALSE,16,29,13
1574044,8,76,164,240,FALSE,76,43,-33
1574045,4,572,897,1469,FALSE,572,162,-410
1574045,8,670,762,1432,FALSE,670,45,-625
1574046,4,399,553,952,FALSE,399,76,-323
1574046,8,443,542,985,FALSE,443,49,-394
1574047,4,335,512,847,FALSE,335,88,-247
1574047,8,391,520,911,FALSE,391,64,-327
1574049,4,853,748,1601,TRUE,52,748,696
1574049,8,1138,737,1875,TRUE,200,737,537
1574062,4,904,1169,2073,FALSE,904,132,-772
1574062,8,1179,1109,2288,TRUE,34,1109,1075
1574064,4,243,540,783,FALSE,243,148,-95
1574064,8,284,529,813,FALSE,284,122,-162
1574065,4,814,1068,1882,FALSE,814,126,-688
1574065,8,1258,1282,2540,FALSE,1258,11,-1247
1574080,4,188,283,471,FALSE,188,47,-141
1574080,8,269,258,527,TRUE,5,258,253
1574083,4,740,1366,2106,FALSE,740,312,-428
1574083,8,860,1326,2186,FALSE,860,232,-628
1574084,4,396,706,1102,FALSE,396,154,-242
1574084,8,465,644,1109,FALSE,465,89,-376
1574094,4,5,17,22,FALSE,5,5,0
1574094,8,6,14,20,FALSE,6,3,-3
1574102,4,515,566,1081,FALSE,515,25,-490
1574102,8,637,665,1302,FALSE,637,13,-624
1574105,4,319,437,756,FALSE,319,58,-261
1574105,8,359,434,793,FALSE,359,37,-322
1574107,4,414,1060,1474,FALSE,414,322,-92
1574107,8,438,1033,1471,FALSE,438,297,-141
1574109,4,210,342,552,FALSE,210,65,-145
1574109,8,308,345,653,FALSE,308,18,-290
1574110,4,587,1100,1687,FALSE,587,256,-331
1574110,8,688,1052,1740,FALSE,688,181,-507
1574111,4,434,959,1393,FALSE,434,262,-172
1574111,8,543,961,1504,FALSE,543,208,-335
1574119,4,576,1685,2261,FALSE,576,554,-22
1574119,8,694,1669,2363,FALSE,694,487,-207
1574121,4,396,763,1159,FALSE,396,183,-213
1574121,8,410,663,1073,FALSE,410,126,-284
1574124,4,954,1379,2333,FALSE,954,212,-742
1574124,8,1206,1282,2488,FALSE,1206,37,-1169
1574125,4,619,732,1351,FALSE,619,56,-563
1574125,8,1079,922,2001,TRUE,78,922,844
1574126,4,992,1087,2079,FALSE,992,47,-945
1574126,8,1568,1195,2763,TRUE,186,1195,1009
1574127,4,843,1003,1846,FALSE,843,79,-764
1574127,8,982,975,1957,TRUE,3,975,972
1574129,4,654,1426,2080,FALSE,654,385,-269
1574129,8,783,1334,2117,FALSE,783,275,-508
1574131,4,311,668,979,FALSE,311,178,-133
1574131,8,332,597,929,FALSE,332,132,-200
1574135,4,745,1193,1938,FALSE,745,223,-522
1574135,8,1177,1511,2688,FALSE,1177,166,-1011
1590101,4,183,595,778,FALSE,183,205,22
1590101,8,205,620,825,FALSE,205,207,2
1590102,4,117,214,331,FALSE,117,48,-69
1590102,8,86,242,328,FALSE,86,77,-9
1590201,4,59,271,330,FALSE,59,105,46
1590201,8,78,294,372,FALSE,78,107,29
1590202,4,154,413,567,FALSE,154,129,-25
1590202,8,202,429,631,FALSE,202,113,-89
1590301,4,129,358,487,FALSE,129,114,-15
1590301,8,117,405,522,FALSE,117,143,26
1590302,4,108,342,450,FALSE,108,116,8
1590302,8,103,420,523,FALSE,103,158,55
1590401,4,158,639,797,FALSE,158,240,82
1590401,8,141,618,759,FALSE,141,238,97
1590402,4,103,353,456,FALSE,103,124,21
1590402,8,104,364,468,FALSE,104,129,25
1610001,4,344,1502,1846,FALSE,344,578,234
1610001,8,339,1503,1842,FALSE,339,581,242
1610002,4,319,549,868,FALSE,319,114,-205
1610002,8,373,551,924,FALSE,373,88,-285
1610003,4,30,93,123,FALSE,30,31,1
1610003,8,22,96,118,FALSE,22,36,14
1610004,4,56,163,219,FALSE,56,53,-3
1610004,8,46,175,221,FALSE,46,64,18
1610005,4,524,854,1378,FALSE,524,164,-360
1610005,8,474,870,1344,FALSE,474,197,-277
1610006,4,61,200,261,FALSE,61,69,8
1610006,8,57,224,281,FALSE,57,83,26
1610007,4,153,393,546,FALSE,153,119,-34
1610007,8,147,385,532,FALSE,147,118,-29
1610008,4,65,272,337,FALSE,65,103,38
1610008,8,57,289,346,FALSE,57,115,58
1610009,4,82,207,289,FALSE,82,62,-20
1610009,8,87,232,319,FALSE,87,72,-15
1610010,4,34,164,198,FALSE,34,64,30
1610010,8,15,183,198,FALSE,15,83,68
1610011,4,211,138,349,TRUE,36,138,102
1610011,8,230,139,369,TRUE,45,139,94
1610012,4,27,66,93,FALSE,27,19,-8
1610012,8,42,53,95,FALSE,42,5,-37
1610013,4,48,155,203,FALSE,48,53,5
1610013,8,32,167,199,FALSE,32,67,35
1610014,4,60,194,254,FALSE,60,66,6
1610014,8,63,220,283,FALSE,63,78,15
1610015,4,56,107,163,FALSE,56,25,-31
1610015,8,50,118,168,FALSE,50,33,-17
1630001,4,283,258,541,TRUE,12,258,246
1630001,8,383,235,618,TRUE,73,235,162
1630002,4,211,147,358,TRUE,31,147,116
1630002,8,263,72,335,TRUE,95,72,-23
1630003,4,196,135,331,TRUE,30,135,105
1630003,8,305,67,372,TRUE,118,67,-51
NA,4,207,303,510,FALSE,207,47,-160
NA,8,297,386,683,FALSE,297,44,-253
NA,4,5,6,11,FALSE,5,0,-5
NA,8,8,10,18,FALSE,8,0,-8
1630005,4,89,173,262,FALSE,89,41,-48
1630005,8,81,185,266,FALSE,81,51,-30
1630006,4,89,189,278,FALSE,89,49,-40
1630006,8,112,158,270,FALSE,112,22,-90
1630008,4,330,261,591,TRUE,34,261,227
1630008,8,382,133,515,TRUE,124,133,9
1630009,4,328,232,560,TRUE,47,232,185
1630009,8,350,131,481,TRUE,109,131,22
1630010,4,190,281,471,FALSE,190,45,-145
1630010,8,224,267,491,FALSE,224,21,-203
1650002,4,140,758,898,FALSE,140,308,168
1650002,8,135,813,948,FALSE,135,338,203
1650003,4,112,1112,1224,FALSE,112,499,387
1650003,8,121,1119,1240,FALSE,121,498,377
1650004,4,100,455,555,FALSE,100,177,77
1650004,8,102,415,517,FALSE,102,156,54
1650005,4,18,176,194,FALSE,18,78,60
1650005,8,22,167,189,FALSE,22,72,50
1650006,4,31,131,162,FALSE,31,49,18
1650006,8,21,115,136,FALSE,21,46,25
1650007,4,59,150,209,FALSE,59,45,-14
1650007,8,99,86,185,TRUE,6,86,80
1650008,4,116,544,660,FALSE,116,213,97
1650008,8,112,460,572,FALSE,112,173,61
1650009,4,32,214,246,FALSE,32,90,58
1650009,8,38,210,248,FALSE,38,85,47
1670101,4,78,118,196,FALSE,78,19,-59
1670101,8,63,129,192,FALSE,63,32,-31
1670102,4,75,148,223,FALSE,75,36,-39
1670102,8,34,91,125,FALSE,34,28,-6
1670103,4,321,494,815,FALSE,321,86,-235
1670103,8,176,389,565,FALSE,176,106,-70
1670104,4,180,317,497,FALSE,180,68,-112
1670104,8,86,208,294,FALSE,86,60,-26
1670105,4,751,630,1381,TRUE,60,630,570
1670105,8,624,436,1060,TRUE,93,436,343
1670106,4,1011,668,1679,TRUE,171,668,497
1670106,8,782,451,1233,TRUE,165,451,286
1670107,4,732,270,1002,TRUE,230,270,40
1670107,8,527,210,737,TRUE,158,210,52
1670108,4,961,345,1306,TRUE,307,345,38
1670108,8,715,263,978,TRUE,225,263,38
1670115,4,1071,528,1599,TRUE,271,528,257
1670115,8,896,423,1319,TRUE,236,423,187
1670118,4,863,695,1558,TRUE,83,695,612
1670118,8,664,547,1211,TRUE,58,547,489
1670146,4,689,761,1450,FALSE,689,35,-654
1670146,8,631,850,1481,FALSE,631,109,-522
1670148,4,574,607,1181,FALSE,574,16,-558
1670148,8,465,558,1023,FALSE,465,46,-419
1670149,4,592,930,1522,FALSE,592,168,-424
1670149,8,463,894,1357,FALSE,463,215,-248
1670150,4,727,846,1573,FALSE,727,59,-668
1670150,8,552,823,1375,FALSE,552,135,-417
1670151,4,509,1059,1568,FALSE,509,274,-235
1670151,8,372,1032,1404,FALSE,372,329,-43
1670159,4,511,778,1289,FALSE,511,133,-378
1670159,8,413,767,1180,FALSE,413,176,-237
1670165,4,195,296,491,FALSE,195,50,-145
1670165,8,252,524,776,FALSE,252,135,-117
1670168,4,0,0,0,FALSE,0,-1,-1
1670168,8,0,0,0,FALSE,0,-1,-1
1670172,4,49,77,126,FALSE,49,13,-36
1670172,8,40,120,160,FALSE,40,39,-1
1670173,4,35,20,55,TRUE,7,20,13
1670173,8,55,58,113,FALSE,55,1,-54
1670194,4,256,488,744,FALSE,256,115,-141
1670194,8,205,429,634,FALSE,205,111,-94
1670195,4,23,46,69,FALSE,23,11,-12
1670195,8,9,33,42,FALSE,9,11,2
1670196,4,132,266,398,FALSE,132,66,-66
1670196,8,181,324,505,FALSE,181,71,-110
1670197,4,37,91,128,FALSE,37,26,-11
1670197,8,28,85,113,FALSE,28,28,0
1670199,4,464,450,914,TRUE,6,450,444
1670199,8,369,443,812,FALSE,369,36,-333
1670201,4,10,19,29,FALSE,10,4,-6
1670201,8,5,38,43,FALSE,5,16,11
1670216,4,1036,550,1586,TRUE,242,550,308
1670216,8,728,465,1193,TRUE,131,465,334
1670217,4,364,300,664,TRUE,31,300,269
1670217,8,323,259,582,TRUE,31,259,228
1670219,4,110,116,226,FALSE,110,2,-108
1670219,8,181,216,397,FALSE,181,17,-164
1670220,4,778,1617,2395,FALSE,778,419,-359
1670220,8,1160,2073,3233,FALSE,1160,456,-704
1670221,4,362,716,1078,FALSE,362,176,-186
1670221,8,361,713,1074,FALSE,361,175,-186
1670222,4,505,394,899,TRUE,55,394,339
1670222,8,398,279,677,TRUE,59,279,220
1670223,4,836,800,1636,TRUE,17,800,783
1670223,8,603,610,1213,FALSE,603,3,-600
1670224,4,699,838,1537,FALSE,699,69,-630
1670224,8,530,619,1149,FALSE,530,44,-486
1670225,4,585,1431,2016,FALSE,585,422,-163
1670225,8,455,1275,1730,FALSE,455,409,-46
1670226,4,803,802,1605,TRUE,0,802,802
1670226,8,648,852,1500,FALSE,648,101,-547
1670227,4,637,1147,1784,FALSE,637,254,-383
1670227,8,417,1301,1718,FALSE,417,441,24
1670228,4,552,1243,1795,FALSE,552,345,-207
1670228,8,427,1430,1857,FALSE,427,501,74
1670232,4,636,783,1419,FALSE,636,73,-563
1670232,8,677,798,1475,FALSE,677,60,-617
1670258,4,437,843,1280,FALSE,437,202,-235
1670258,8,356,906,1262,FALSE,356,274,-82
1670263,4,431,1339,1770,FALSE,431,453,22
1670263,8,783,2051,2834,FALSE,783,633,-150
1670274,4,193,412,605,FALSE,193,109,-84
1670274,8,150,314,464,FALSE,150,81,-69
1670275,4,98,228,326,FALSE,98,64,-34
1670275,8,60,178,238,FALSE,60,58,-2
1670276,4,494,592,1086,FALSE,494,48,-446
1670276,8,439,534,973,FALSE,439,47,-392
1670277,4,488,921,1409,FALSE,488,216,-272
1670277,8,381,1025,1406,FALSE,381,321,-60
1670278,4,518,970,1488,FALSE,518,225,-293
1670278,8,401,1127,1528,FALSE,401,362,-39
1670279,4,154,431,585,FALSE,154,138,-16
1670279,8,145,459,604,FALSE,145,156,11
1670280,4,11,50,61,FALSE,11,19,8
1670280,8,14,68,82,FALSE,14,26,12
1670281,4,38,106,144,FALSE,38,33,-5
1670281,8,40,101,141,FALSE,40,30,-10
1670286,4,233,683,916,FALSE,233,224,-9
1670286,8,288,715,1003,FALSE,288,213,-75
1670301,4,248,254,502,FALSE,248,2,-246
1670301,8,276,181,457,TRUE,47,181,134
1670302,4,2,1,3,TRUE,0,1,1
1670302,8,3,0,3,TRUE,1,0,-1
1670309,4,62,15,77,TRUE,23,15,-8
1670309,8,62,7,69,TRUE,27,7,-20
1670310,4,307,36,343,TRUE,135,36,-99
1670310,8,171,11,182,TRUE,79,11,-68
1670311,4,423,32,455,TRUE,195,32,-163
1670311,8,250,16,266,TRUE,116,16,-100
1670312,4,0,0,0,FALSE,0,-1,-1
1670312,8,0,0,0,FALSE,0,-1,-1
1670313,4,408,55,463,TRUE,176,55,-121
1670313,8,321,45,366,TRUE,137,45,-92
1670314,4,928,146,1074,TRUE,390,146,-244
1670314,8,881,99,980,TRUE,390,99,-291
1670329,4,372,270,642,TRUE,50,270,220
1670329,8,343,223,566,TRUE,59,223,164
1670330,4,707,315,1022,TRUE,195,315,120
1670330,8,686,301,987,TRUE,192,301,109
1670331,4,899,195,1094,TRUE,351,195,-156
1670331,8,941,145,1086,TRUE,397,145,-252
1670333,4,454,231,685,TRUE,111,231,120
1670333,8,426,224,650,TRUE,100,224,124
1670334,4,697,77,774,TRUE,309,77,-232
1670334,8,691,46,737,TRUE,322,46,-276
1670335,4,213,222,435,FALSE,213,4,-209
1670335,8,407,331,738,TRUE,37,331,294
1670336,4,1648,49,1697,TRUE,799,49,-750
1670336,8,1665,19,1684,TRUE,822,19,-803
1670337,4,572,127,699,TRUE,222,127,-95
1670337,8,511,94,605,TRUE,208,94,-114
1670338,4,929,506,1435,TRUE,211,506,295
1670338,8,1042,412,1454,TRUE,314,412,98
1670339,4,472,972,1444,FALSE,472,249,-223
1670339,8,486,939,1425,FALSE,486,226,-260
1670340,4,325,90,415,TRUE,117,90,-27
1670340,8,390,105,495,TRUE,142,105,-37
1670341,4,464,773,1237,FALSE,464,154,-310
1670341,8,438,612,1050,FALSE,438,86,-352
1670342,4,442,241,683,TRUE,100,241,141
1670342,8,323,237,560,TRUE,42,237,195
1670343,4,596,413,1009,TRUE,91,413,322
1670343,8,500,296,796,TRUE,101,296,195
1670344,4,282,639,921,FALSE,282,178,-104
1670344,8,306,625,931,FALSE,306,159,-147
1670345,4,600,112,712,TRUE,243,112,-131
1670345,8,537,70,607,TRUE,233,70,-163
1670347,4,632,335,967,TRUE,148,335,187
1670347,8,561,294,855,TRUE,133,294,161
1670369,4,40,24,64,TRUE,7,24,17
1670369,8,28,12,40,TRUE,7,12,5
1670389,4,583,804,1387,FALSE,583,110,-473
1670389,8,554,724,1278,FALSE,554,84,-470
1670398,4,218,332,550,FALSE,218,56,-162
1670398,8,194,293,487,FALSE,194,49,-145
1670401,4,0,0,0,FALSE,0,-1,-1
1670401,8,0,0,0,FALSE,0,-1,-1
1670402,4,2,3,5,FALSE,2,0,-2
1670402,8,3,5,8,FALSE,3,0,-3
1670452,4,440,1424,1864,FALSE,440,491,51
1670452,8,483,1334,1817,FALSE,483,425,-58
1670453,4,563,1112,1675,FALSE,563,274,-289
1670453,8,599,1120,1719,FALSE,599,260,-339
1670454,4,548,1334,1882,FALSE,548,392,-156
1670454,8,701,1424,2125,FALSE,701,361,-340
1670455,4,481,932,1413,FALSE,481,225,-256
1670455,8,460,904,1364,FALSE,460,221,-239
1670456,4,399,1642,2041,FALSE,399,621,222
1670456,8,399,1574,1973,FALSE,399,587,188
1670457,4,328,1179,1507,FALSE,328,425,97
1670457,8,286,1052,1338,FALSE,286,382,96
1670460,4,341,1344,1685,FALSE,341,501,160
1670460,8,361,1349,1710,FALSE,361,493,132
1670461,4,202,885,1087,FALSE,202,341,139
1670461,8,200,888,1088,FALSE,200,343,143
1670462,4,307,1423,1730,FALSE,307,557,250
1670462,8,401,1607,2008,FALSE,401,602,201
1670464,4,365,1236,1601,FALSE,365,435,70
1670464,8,488,1354,1842,FALSE,488,432,-56
1670466,4,529,1126,1655,FALSE,529,298,-231
1670466,8,543,1144,1687,FALSE,543,300,-243
1670467,4,441,1251,1692,FALSE,441,404,-37
1670467,8,487,1264,1751,FALSE,487,388,-99
1670470,4,504,1375,1879,FALSE,504,435,-69
1670470,8,575,1358,1933,FALSE,575,391,-184
1670471,4,127,415,542,FALSE,127,143,16
1670471,8,248,527,775,FALSE,248,139,-109
1670482,4,15,25,40,FALSE,15,4,-11
1670482,8,13,41,54,FALSE,13,13,0
1670483,4,268,1020,1288,FALSE,268,375,107
1670483,8,290,989,1279,FALSE,290,349,59
1670484,4,287,1278,1565,FALSE,287,495,208
1670484,8,309,1351,1660,FALSE,309,520,211
1670485,4,330,1451,1781,FALSE,330,560,230
1670485,8,376,1532,1908,FALSE,376,577,201
1670487,4,445,1005,1450,FALSE,445,279,-166
1670487,8,731,1380,2111,FALSE,731,324,-407
1670488,4,410,1006,1416,FALSE,410,297,-113
1670488,8,492,1028,1520,FALSE,492,267,-225
1670490,4,324,878,1202,FALSE,324,276,-48
1670490,8,624,1438,2062,FALSE,624,406,-218
1670491,4,444,1261,1705,FALSE,444,408,-36
1670491,8,527,1224,1751,FALSE,527,348,-179
1670492,4,320,804,1124,FALSE,320,241,-79
1670492,8,327,759,1086,FALSE,327,215,-112
1670493,4,132,356,488,FALSE,132,111,-21
1670493,8,317,758,1075,FALSE,317,220,-97
NA,4,0,0,0,FALSE,0,-1,-1
NA,8,0,0,0,FALSE,0,-1,-1
NA,4,0,0,0,FALSE,0,-1,-1
NA,8,0,0,0,FALSE,0,-1,-1
NA,4,0,0,0,FALSE,0,-1,-1
NA,8,0,0,0,FALSE,0,-1,-1
NA,4,0,0,0,FALSE,0,-1,-1
NA,8,0,0,0,FALSE,0,-1,-1
NA,4,0,0,0,FALSE,0,-1,-1
NA,8,0,0,0,FALSE,0,-1,-1
1690001,4,72,385,457,FALSE,72,156,84
1690001,8,66,357,423,FALSE,66,145,79
1690002,4,61,397,458,FALSE,61,167,106
1690002,8,76,443,519,FALSE,76,183,107
1690003,4,107,301,408,FALSE,107,96,-11
1690003,8,106,235,341,FALSE,106,64,-42
1690004,4,66,277,343,FALSE,66,105,39
1690004,8,103,191,294,FALSE,103,43,-60
1690005,4,18,80,98,FALSE,18,30,12
1690005,8,18,72,90,FALSE,18,26,8
1690006,4,2,40,42,FALSE,2,18,16
1690006,8,6,58,64,FALSE,6,25,19
170001,4,136,549,685,FALSE,136,206,70
170001,8,161,521,682,FALSE,161,179,18
170002,4,143,646,789,FALSE,143,251,108
170002,8,137,672,809,FALSE,137,267,130
170003,4,128,403,531,FALSE,128,137,9
170003,8,191,300,491,FALSE,191,54,-137
NA,4,92,227,319,FALSE,92,67,-25
NA,8,166,109,275,TRUE,28,109,81
NA,4,26,57,83,FALSE,26,15,-11
NA,8,27,16,43,TRUE,5,16,11
1710001,4,474,1972,2446,FALSE,474,748,274
1710001,8,586,2053,2639,FALSE,586,733,147
1710002,4,258,1002,1260,FALSE,258,371,113
1710002,8,316,1062,1378,FALSE,316,372,56
1710003,4,273,1237,1510,FALSE,273,481,208
1710003,8,365,1233,1598,FALSE,365,433,68
1710004,4,520,2088,2608,FALSE,520,783,263
1710004,8,638,2016,2654,FALSE,638,688,50
1710005,4,119,693,812,FALSE,119,286,167
1710005,8,145,826,971,FALSE,145,340,195
1710006,4,69,303,372,FALSE,69,116,47
1710006,8,64,294,358,FALSE,64,114,50
1710007,4,75,396,471,FALSE,75,160,85
1710007,8,92,430,522,FALSE,92,168,76
1710008,4,35,179,214,FALSE,35,71,36
1710008,8,44,176,220,FALSE,44,65,21
1710009,4,3,112,115,FALSE,3,54,51
1710009,8,10,103,113,FALSE,10,46,36
1710011,4,85,413,498,FALSE,85,163,78
1710011,8,89,452,541,FALSE,89,181,92
1710012,4,21,117,138,FALSE,21,47,26
1710012,8,44,93,137,FALSE,44,24,-20
1710013,4,33,254,287,FALSE,33,110,77
1710013,8,41,276,317,FALSE,41,117,76
1710014,4,13,122,135,FALSE,13,54,41
1710014,8,10,127,137,FALSE,10,58,48
1710015,4,126,409,535,FALSE,126,141,15
1710015,8,132,422,554,FALSE,132,144,12
1730001,4,3,129,132,FALSE,3,62,59
1730001,8,7,125,132,FALSE,7,58,51
1730002,4,19,120,139,FALSE,19,50,31
1730002,8,24,121,145,FALSE,24,48,24
1730003,4,7,116,123,FALSE,7,54,47
1730003,8,9,120,129,FALSE,9,55,46
1730004,4,15,123,138,FALSE,15,53,38
1730004,8,12,136,148,FALSE,12,61,49
1750011,4,10,51,61,FALSE,10,20,10
1750011,8,10,62,72,FALSE,10,25,15
1750012,4,384,225,609,TRUE,79,225,146
1750012,8,393,179,572,TRUE,106,179,73
1750013,4,41,106,147,FALSE,41,32,-9
1750013,8,43,108,151,FALSE,43,32,-11
1750021,4,301,297,598,TRUE,1,297,296
1750021,8,348,274,622,TRUE,36,274,238
1750022,4,105,80,185,TRUE,12,80,68
1750022,8,90,84,174,TRUE,2,84,82
1750031,4,148,391,539,FALSE,148,121,-27
1750031,8,169,384,553,FALSE,169,107,-62
1750032,4,19,38,57,FALSE,19,9,-10
1750032,8,23,39,62,FALSE,23,7,-16
1750033,4,62,313,375,FALSE,62,125,63
1750033,8,86,330,416,FALSE,86,121,35
1750041,4,41,202,243,FALSE,41,80,39
1750041,8,54,199,253,FALSE,54,72,18
1750042,4,51,292,343,FALSE,51,120,69
1750042,8,63,335,398,FALSE,63,135,72
1750043,4,57,272,329,FALSE,57,107,50
1750043,8,50,304,354,FALSE,50,126,76
1770001,4,346,1101,1447,FALSE,346,377,31
1770001,8,417,1013,1430,FALSE,417,297,-120
1770002,4,234,548,782,FALSE,234,156,-78
1770002,8,350,498,848,FALSE,350,73,-277
1770003,4,203,574,777,FALSE,203,185,-18
1770003,8,262,508,770,FALSE,262,122,-140
1770005,4,90,265,355,FALSE,90,87,-3
1770005,8,110,267,377,FALSE,110,78,-32
1770007,4,41,165,206,FALSE,41,61,20
1770007,8,53,177,230,FALSE,53,61,8
1770008,4,46,150,196,FALSE,46,51,5
1770008,8,45,156,201,FALSE,45,55,10
1770009,4,246,243,489,TRUE,1,243,242
1770009,8,397,296,693,TRUE,50,296,246
1770010,4,93,247,340,FALSE,93,76,-17
1770010,8,108,228,336,FALSE,108,59,-49
1770011,4,40,76,116,FALSE,40,17,-23
1770011,8,26,111,137,FALSE,26,42,16
1770012,4,22,91,113,FALSE,22,34,12
1770012,8,25,68,93,FALSE,25,21,-4
1770013,4,41,155,196,FALSE,41,56,15
1770013,8,45,156,201,FALSE,45,55,10
1770014,4,10,41,51,FALSE,10,15,5
1770014,8,8,51,59,FALSE,8,21,13
1770015,4,47,183,230,FALSE,47,67,20
1770015,8,31,188,219,FALSE,31,78,47
NA,4,250,452,702,FALSE,250,100,-150
NA,8,288,352,640,FALSE,288,31,-257
1790001,4,50,288,338,FALSE,50,118,68
1790001,8,38,272,310,FALSE,38,116,78
1790002,4,232,1339,1571,FALSE,232,553,321
1790002,8,239,1285,1524,FALSE,239,522,283
1790003,4,3,93,96,FALSE,3,44,41
1790003,8,3,87,90,FALSE,3,41,38
1790004,4,76,437,513,FALSE,76,180,104
1790004,8,53,395,448,FALSE,53,170,117
1790005,4,313,2064,2377,FALSE,313,875,562
1790005,8,263,1966,2229,FALSE,263,851,588
1790006,4,281,1848,2129,FALSE,281,783,502
1790006,8,251,1786,2037,FALSE,251,767,516
1790007,4,334,1191,1525,FALSE,334,428,94
1790007,8,306,1133,1439,FALSE,306,413,107
1810001,4,340,493,833,FALSE,340,76,-264
1810001,8,337,513,850,FALSE,337,87,-250
1810002,4,330,683,1013,FALSE,330,176,-154
1810002,8,331,565,896,FALSE,331,116,-215
1810003,4,557,1153,1710,FALSE,557,297,-260
1810003,8,748,1265,2013,FALSE,748,258,-490
1810004,4,199,211,410,FALSE,199,5,-194
1810004,8,235,198,433,TRUE,18,198,180
1810005,4,526,350,876,TRUE,87,350,263
1810005,8,619,231,850,TRUE,193,231,38
1810006,4,89,219,308,FALSE,89,64,-25
1810006,8,82,261,343,FALSE,82,89,7
1810007,4,117,424,541,FALSE,117,153,36
1810007,8,93,424,517,FALSE,93,165,72
1810008,4,129,228,357,FALSE,129,49,-80
1810008,8,132,181,313,FALSE,132,24,-108
1810009,4,104,428,532,FALSE,104,161,57
1810009,8,114,487,601,FALSE,114,186,72
1810010,4,235,181,416,TRUE,26,181,155
1810010,8,210,157,367,TRUE,26,157,131
1810011,4,173,277,450,FALSE,173,51,-122
1810011,8,167,224,391,FALSE,167,28,-139
1810012,4,295,423,718,FALSE,295,63,-232
1810012,8,298,463,761,FALSE,298,82,-216
1810013,4,168,276,444,FALSE,168,53,-115
1810013,8,161,258,419,FALSE,161,48,-113
1810014,4,150,424,574,FALSE,150,136,-14
1810014,8,133,513,646,FALSE,133,189,56
1810015,4,522,1279,1801,FALSE,522,378,-144
1810015,8,530,1279,1809,FALSE,530,374,-156
1810016,4,319,1023,1342,FALSE,319,351,32
1810016,8,315,1133,1448,FALSE,315,408,93
1810017,4,131,402,533,FALSE,131,135,4
1810017,8,175,389,564,FALSE,175,106,-69
1810018,4,212,673,885,FALSE,212,230,18
1810018,8,243,684,927,FALSE,243,220,-23
1810019,4,313,672,985,FALSE,313,179,-134
1810019,8,263,668,931,FALSE,263,202,-61
1810020,4,113,199,312,FALSE,113,42,-71
1810020,8,130,184,314,FALSE,130,26,-104
1810021,4,485,1489,1974,FALSE,485,501,16
1810021,8,533,1338,1871,FALSE,533,402,-131
1810022,4,111,381,492,FALSE,111,134,23
1810022,8,117,421,538,FALSE,117,151,34
1810023,4,595,1279,1874,FALSE,595,341,-254
1810023,8,639,1220,1859,FALSE,639,290,-349
1810024,4,116,355,471,FALSE,116,119,3
1810024,8,113,360,473,FALSE,113,123,10
1810025,4,329,1049,1378,FALSE,329,359,30
1810025,8,295,1038,1333,FALSE,295,371,76
1810026,4,190,630,820,FALSE,190,219,29
1810026,8,171,648,819,FALSE,171,238,67
1810027,4,60,225,285,FALSE,60,82,22
1810027,8,74,210,284,FALSE,74,67,-7
1810028,4,229,769,998,FALSE,229,269,40
1810028,8,247,815,1062,FALSE,247,283,36
1810030,4,110,384,494,FALSE,110,136,26
1810030,8,137,421,558,FALSE,137,141,4
1810031,4,101,427,528,FALSE,101,162,61
1810031,8,116,432,548,FALSE,116,157,41
1810032,4,325,473,798,FALSE,325,73,-252
1810032,8,327,380,707,FALSE,327,26,-301
1810033,4,91,632,723,FALSE,91,270,179
1810033,8,130,720,850,FALSE,130,294,164
1810034,4,548,1304,1852,FALSE,548,377,-171
1810034,8,539,1440,1979,FALSE,539,450,-89
1810035,4,357,1050,1407,FALSE,357,346,-11
1810035,8,325,1179,1504,FALSE,325,426,101
1810036,4,253,149,402,TRUE,51,149,98
1810036,8,318,170,488,TRUE,73,170,97
1810037,4,93,363,456,FALSE,93,134,41
1810037,8,93,438,531,FALSE,93,172,79
1810038,4,301,561,862,FALSE,301,129,-172
1810038,8,280,593,873,FALSE,280,156,-124
1810039,4,78,86,164,FALSE,78,3,-75
1810039,8,83,78,161,TRUE,2,78,76
1810040,4,255,886,1141,FALSE,255,315,60
1810040,8,242,876,1118,FALSE,242,316,74
1810041,4,190,469,659,FALSE,190,139,-51
1810041,8,194,484,678,FALSE,194,144,-50
1810042,4,311,795,1106,FALSE,311,241,-70
1810042,8,247,844,1091,FALSE,247,298,51
1810043,4,51,78,129,FALSE,51,13,-38
1810043,8,58,77,135,FALSE,58,9,-49
1810044,4,119,362,481,FALSE,119,121,2
1810044,8,132,371,503,FALSE,132,119,-13
NA,4,0,0,0,FALSE,0,-1,-1
NA,8,0,1,1,FALSE,0,0,0
NA,4,271,695,966,FALSE,271,211,-60
NA,8,239,727,966,FALSE,239,243,4
1810046,4,93,321,414,FALSE,93,113,20
1810046,8,97,355,452,FALSE,97,128,31
1810047,4,90,267,357,FALSE,90,88,-2
1810047,8,92,275,367,FALSE,92,91,-1
NA,4,6,20,26,FALSE,6,6,0
NA,8,6,22,28,FALSE,6,7,1
NA,4,121,435,556,FALSE,121,156,35
NA,8,138,447,585,FALSE,138,154,16
1810051,4,492,974,1466,FALSE,492,240,-252
1810051,8,492,1016,1508,FALSE,492,261,-231
1810053,4,298,444,742,FALSE,298,72,-226
1810053,8,313,395,708,FALSE,313,40,-273
1810054,4,127,640,767,FALSE,127,256,129
1810054,8,152,683,835,FALSE,152,265,113
1810058,4,500,437,937,TRUE,31,437,406
1810058,8,559,399,958,TRUE,79,399,320
1810064,4,433,848,1281,FALSE,433,207,-226
1810064,8,381,817,1198,FALSE,381,217,-164
1810065,4,289,591,880,FALSE,289,150,-139
1810065,8,295,528,823,FALSE,295,116,-179
1810066,4,405,876,1281,FALSE,405,235,-170
1810066,8,410,841,1251,FALSE,410,215,-195
1830001,4,122,297,419,FALSE,122,87,-35
1830001,8,202,326,528,FALSE,202,61,-141
1830002,4,431,1787,2218,FALSE,431,677,246
1830002,8,507,1681,2188,FALSE,507,586,79
1830003,4,371,1269,1640,FALSE,371,448,77
1830003,8,441,1190,1631,FALSE,441,374,-67
1830004,4,445,1335,1780,FALSE,445,444,-1
1830004,8,490,1317,1807,FALSE,490,413,-77
1830005,4,720,2561,3281,FALSE,720,920,200
1830005,8,764,2666,3430,FALSE,764,950,186
1830006,4,270,1543,1813,FALSE,270,636,366
1830006,8,286,1730,2016,FALSE,286,721,435
1830007,4,273,1483,1756,FALSE,273,604,331
1830007,8,297,1533,1830,FALSE,297,617,320
1830008,4,595,2279,2874,FALSE,595,841,246
1830008,8,596,2166,2762,FALSE,596,784,188
1830009,4,547,2298,2845,FALSE,547,875,328
1830009,8,639,2126,2765,FALSE,639,743,104
1830010,4,507,1628,2135,FALSE,507,560,53
1830010,8,642,1409,2051,FALSE,642,383,-259
1830011,4,184,421,605,FALSE,184,118,-66
1830011,8,153,361,514,FALSE,153,103,-50
1830012,4,428,2249,2677,FALSE,428,910,482
1830012,8,376,2423,2799,FALSE,376,1023,647
1830013,4,424,1155,1579,FALSE,424,365,-59
1830013,8,458,1133,1591,FALSE,458,337,-121
1830014,4,757,2182,2939,FALSE,757,712,-45
1830014,8,751,2335,3086,FALSE,751,791,40
1830015,4,343,1573,1916,FALSE,343,614,271
1830015,8,378,1495,1873,FALSE,378,558,180
1830016,4,183,885,1068,FALSE,183,350,167
1830016,8,190,879,1069,FALSE,190,344,154
1830017,4,269,166,435,TRUE,51,166,115
1830017,8,256,160,416,TRUE,47,160,113
1830018,4,1020,999,2019,TRUE,10,999,989
1830018,8,1096,938,2034,TRUE,78,938,860
1830019,4,526,50,576,TRUE,237,50,-187
1830019,8,539,32,571,TRUE,253,32,-221
1830020,4,969,288,1257,TRUE,340,288,-52
1830020,8,1036,168,1204,TRUE,433,168,-265
1830021,4,1460,710,2170,TRUE,374,710,336
1830021,8,1493,556,2049,TRUE,468,556,88
1830022,4,926,421,1347,TRUE,252,421,169
1830022,8,1016,328,1344,TRUE,343,328,-15
NA,4,516,2333,2849,FALSE,516,908,392
NA,8,560,2251,2811,FALSE,560,845,285
1850001,4,351,600,951,FALSE,351,124,-227
1850001,8,324,726,1050,FALSE,324,200,-124
1850002,4,125,355,480,FALSE,125,114,-11
1850002,8,105,386,491,FALSE,105,140,35
1850003,4,560,189,749,TRUE,185,189,4
1850003,8,589,144,733,TRUE,222,144,-78
1850004,4,196,449,645,FALSE,196,126,-70
1850004,8,180,490,670,FALSE,180,154,-26
1850005,4,229,560,789,FALSE,229,165,-64
1850005,8,218,561,779,FALSE,218,171,-47
1850006,4,406,788,1194,FALSE,406,190,-216
1850006,8,444,764,1208,FALSE,444,159,-285
1850007,4,182,542,724,FALSE,182,179,-3
1850007,8,170,472,642,FALSE,170,150,-20
1850008,4,87,158,245,FALSE,87,35,-52
1850008,8,64,204,268,FALSE,64,69,5
1850009,4,88,154,242,FALSE,88,32,-56
1850009,8,82,166,248,FALSE,82,41,-41
1850010,4,94,381,475,FALSE,94,143,49
1850010,8,95,460,555,FALSE,95,182,87
1850011,4,17,124,141,FALSE,17,53,36
1850011,8,15,118,133,FALSE,15,51,36
1850012,4,141,364,505,FALSE,141,111,-30
1850012,8,154,378,532,FALSE,154,111,-43
1850014,4,196,433,629,FALSE,196,118,-78
1850014,8,192,484,676,FALSE,192,145,-47
1850015,4,41,166,207,FALSE,41,62,21
1850015,8,72,208,280,FALSE,72,67,-5
1870101,4,211,467,678,FALSE,211,127,-84
1870101,8,228,401,629,FALSE,228,86,-142
1870102,4,468,1245,1713,FALSE,468,388,-80
1870102,8,557,1188,1745,FALSE,557,315,-242
1870103,4,448,1387,1835,FALSE,448,469,21
1870103,8,584,1306,1890,FALSE,584,360,-224
1870104,4,297,563,860,FALSE,297,132,-165
1870104,8,369,516,885,FALSE,369,73,-296
1870105,4,284,1117,1401,FALSE,284,416,132
1870105,8,420,1112,1532,FALSE,420,345,-75
1870106,4,256,990,1246,FALSE,256,366,110
1870106,8,361,971,1332,FALSE,361,304,-57
1870107,4,119,517,636,FALSE,119,198,79
1870107,8,149,518,667,FALSE,149,184,35
1870108,4,137,270,407,FALSE,137,66,-71
1870108,8,169,251,420,FALSE,169,40,-129
1870109,4,51,234,285,FALSE,51,91,40
1870109,8,67,251,318,FALSE,67,91,24
1870110,4,25,72,97,FALSE,25,23,-2
1870110,8,38,78,116,FALSE,38,19,-19
1870111,4,37,68,105,FALSE,37,15,-22
1870111,8,56,62,118,FALSE,56,2,-54
1870112,4,0,1,1,FALSE,0,0,0
1870112,8,1,0,1,TRUE,0,0,0
1870113,4,63,105,168,FALSE,63,20,-43
1870113,8,77,102,179,FALSE,77,12,-65
1870201,4,48,61,109,FALSE,48,6,-42
1870201,8,64,56,120,TRUE,3,56,53
1870202,4,313,217,530,TRUE,47,217,170
1870202,8,373,197,570,TRUE,87,197,110
1870203,4,236,185,421,TRUE,25,185,160
1870203,8,293,157,450,TRUE,67,157,90
1870204,4,263,223,486,TRUE,19,223,204
1870204,8,399,172,571,TRUE,113,172,59
1870205,4,186,691,877,FALSE,186,252,66
1870205,8,284,771,1055,FALSE,284,243,-41
1870206,4,452,437,889,TRUE,7,437,430
1870206,8,591,380,971,TRUE,105,380,275
1870207,4,225,199,424,TRUE,12,199,187
1870207,8,290,178,468,TRUE,55,178,123
1870208,4,5,12,17,FALSE,5,3,-2
1870208,8,17,4,21,TRUE,6,4,-2
1870209,4,249,129,378,TRUE,59,129,70
1870209,8,271,107,378,TRUE,81,107,26
1870210,4,47,54,101,FALSE,47,3,-44
1870210,8,58,41,99,TRUE,8,41,33
1870211,4,57,99,156,FALSE,57,20,-37
1870211,8,55,83,138,FALSE,55,13,-42
1870301,4,310,745,1055,FALSE,310,217,-93
1870301,8,384,602,986,FALSE,384,108,-276
1870302,4,206,561,767,FALSE,206,177,-29
1870302,8,586,895,1481,FALSE,586,154,-432
1870303,4,521,1646,2167,FALSE,521,562,41
1870303,8,1286,2250,3536,FALSE,1286,481,-805
1870304,4,727,2223,2950,FALSE,727,747,20
1870304,8,975,2014,2989,FALSE,975,519,-456
1870305,4,556,1486,2042,FALSE,556,464,-92
1870305,8,995,1762,2757,FALSE,995,383,-612
1870306,4,420,1245,1665,FALSE,420,412,-8
1870306,8,871,1493,2364,FALSE,871,310,-561
1870307,4,290,859,1149,FALSE,290,284,-6
1870307,8,729,1378,2107,FALSE,729,324,-405
1870308,4,621,1787,2408,FALSE,621,582,-39
1870308,8,1194,2014,3208,FALSE,1194,409,-785
1870401,4,269,1005,1274,FALSE,269,367,98
1870401,8,433,1185,1618,FALSE,433,375,-58
1870402,4,452,1642,2094,FALSE,452,594,142
1870402,8,882,2280,3162,FALSE,882,698,-184
1870403,4,373,1634,2007,FALSE,373,630,257
1870403,8,594,1696,2290,FALSE,594,550,-44
1870404,4,348,1196,1544,FALSE,348,423,75
1870404,8,444,1156,1600,FALSE,444,355,-89
1870405,4,206,784,990,FALSE,206,288,82
1870405,8,255,882,1137,FALSE,255,313,58
1870406,4,224,971,1195,FALSE,224,373,149
1870406,8,294,1067,1361,FALSE,294,386,92
1870407,4,180,679,859,FALSE,180,249,69
1870407,8,248,735,983,FALSE,248,243,-5
1870408,4,110,402,512,FALSE,110,145,35
1870408,8,215,558,773,FALSE,215,171,-44
1890101,4,49,222,271,FALSE,49,86,37
1890101,8,60,167,227,FALSE,60,53,-7
1890102,4,13,82,95,FALSE,13,34,21
1890102,8,11,62,73,FALSE,11,25,14
1890103,4,89,213,302,FALSE,89,61,-28
1890103,8,131,189,320,FALSE,131,28,-103
1890104,4,85,256,341,FALSE,85,85,0
1890104,8,146,207,353,FALSE,146,30,-116
1890110,4,27,211,238,FALSE,27,91,64
1890110,8,26,225,251,FALSE,26,99,73
1890111,4,101,367,468,FALSE,101,132,31
1890111,8,124,315,439,FALSE,124,95,-29
1890112,4,44,269,313,FALSE,44,112,68
1890112,8,54,307,361,FALSE,54,126,72
1890202,4,75,84,159,FALSE,75,4,-71
1890202,8,96,51,147,TRUE,22,51,29
1890203,4,85,171,256,FALSE,85,42,-43
1890203,8,118,80,198,TRUE,18,80,62
1890204,4,97,285,382,FALSE,97,93,-4
1890204,8,165,248,413,FALSE,165,41,-124
1890205,4,20,18,38,TRUE,0,18,18
1890205,8,29,16,45,TRUE,6,16,10
1890206,4,6,12,18,FALSE,6,2,-4
1890206,8,28,15,43,TRUE,6,15,9
1890213,4,38,114,152,FALSE,38,37,-1
1890213,8,32,95,127,FALSE,32,31,-1
1890214,4,129,389,518,FALSE,129,129,0
1890214,8,183,277,460,FALSE,183,46,-137
1890215,4,55,130,185,FALSE,55,37,-18
1890215,8,51,112,163,FALSE,51,30,-21
1890304,4,89,512,601,FALSE,89,211,122
1890304,8,110,526,636,FALSE,110,207,97
1890305,4,107,781,888,FALSE,107,336,229
1890305,8,148,749,897,FALSE,148,300,152
1890306,4,11,61,72,FALSE,11,24,13
1890306,8,19,45,64,FALSE,19,12,-7
1890307,4,55,246,301,FALSE,55,95,40
1890307,8,51,232,283,FALSE,51,90,39
1890308,4,7,27,34,FALSE,7,9,2
1890308,8,12,27,39,FALSE,12,7,-5
1890316,4,148,536,684,FALSE,148,193,45
1890316,8,221,447,668,FALSE,221,112,-109
1890317,4,25,102,127,FALSE,25,38,13
1890317,8,31,94,125,FALSE,31,31,0
1890318,4,154,571,725,FALSE,154,208,54
1890318,8,160,520,680,FALSE,160,179,19
1890406,4,176,319,495,FALSE,176,71,-105
1890406,8,252,270,522,FALSE,252,8,-244
1890407,4,161,852,1013,FALSE,161,345,184
1890407,8,174,812,986,FALSE,174,318,144
1890408,4,81,468,549,FALSE,81,193,112
1890408,8,97,395,492,FALSE,97,148,51
1890409,4,108,420,528,FALSE,108,155,47
1890409,8,125,365,490,FALSE,125,119,-6
1890419,4,11,102,113,FALSE,11,45,34
1890419,8,12,123,135,FALSE,12,55,43
1890420,4,29,192,221,FALSE,29,81,52
1890420,8,42,200,242,FALSE,42,78,36
190101,4,147,518,665,FALSE,147,185,38
190101,8,202,630,832,FALSE,202,213,11
190102,4,348,1284,1632,FALSE,348,467,119
190102,8,437,1242,1679,FALSE,437,402,-35
190203,4,231,850,1081,FALSE,231,309,78
190203,8,307,857,1164,FALSE,307,274,-33
190204,4,243,786,1029,FALSE,243,271,28
190204,8,295,740,1035,FALSE,295,222,-73
190305,4,240,1023,1263,FALSE,240,391,151
190305,8,302,971,1273,FALSE,302,334,32
190306,4,138,735,873,FALSE,138,298,160
190306,8,173,732,905,FALSE,173,279,106
190407,4,207,956,1163,FALSE,207,374,167
190407,8,307,1067,1374,FALSE,307,379,72
190408,4,38,147,185,FALSE,38,54,16
190408,8,51,128,179,FALSE,51,38,-13
190409,4,100,313,413,FALSE,100,106,6
190409,8,117,281,398,FALSE,117,81,-36
190410,4,36,292,328,FALSE,36,127,91
190410,8,59,287,346,FALSE,59,113,54
1910101,4,102,227,329,FALSE,102,62,-40
1910101,8,98,236,334,FALSE,98,68,-30
1910201,4,30,51,81,FALSE,30,10,-20
1910201,8,36,47,83,FALSE,36,5,-31
1910202,4,67,150,217,FALSE,67,41,-26
1910202,8,47,156,203,FALSE,47,54,7
1910301,4,38,44,82,FALSE,38,2,-36
1910301,8,19,55,74,FALSE,19,17,-2
1910302,4,60,156,216,FALSE,60,47,-13
1910302,8,47,179,226,FALSE,47,65,18
1910401,4,71,139,210,FALSE,71,33,-38
1910401,8,45,154,199,FALSE,45,54,9
1910402,4,45,93,138,FALSE,45,23,-22
1910402,8,32,103,135,FALSE,32,35,3
1930001,4,131,487,618,FALSE,131,177,46
1930001,8,138,483,621,FALSE,138,172,34
1930004,4,19,80,99,FALSE,19,30,11
1930004,8,20,62,82,FALSE,20,20,0
1930005,4,12,94,106,FALSE,12,40,28
1930005,8,19,86,105,FALSE,19,33,14
1930007,4,211,615,826,FALSE,211,201,-10
1930007,8,233,675,908,FALSE,233,220,-13
1930009,4,23,132,155,FALSE,23,54,31
1930009,8,24,126,150,FALSE,24,50,26
1930012,4,27,117,144,FALSE,27,44,17
1930012,8,24,123,147,FALSE,24,49,25
1930014,4,28,130,158,FALSE,28,50,22
1930014,8,19,129,148,FALSE,19,54,35
1930015,4,34,70,104,FALSE,34,17,-17
1930015,8,28,102,130,FALSE,28,36,8
1930017,4,22,89,111,FALSE,22,33,11
1930017,8,18,92,110,FALSE,18,36,18
1930022,4,172,540,712,FALSE,172,183,11
1930022,8,170,535,705,FALSE,170,182,12
1930023,4,166,501,667,FALSE,166,167,1
1930023,8,170,463,633,FALSE,170,146,-24
1950001,4,58,430,488,FALSE,58,185,127
1950001,8,71,425,496,FALSE,71,176,105
1950002,4,3,32,35,FALSE,3,14,11
1950002,8,10,38,48,FALSE,10,13,3
1950003,4,8,189,197,FALSE,8,90,82
1950003,8,9,190,199,FALSE,9,90,81
1950004,4,69,375,444,FALSE,69,152,83
1950004,8,38,362,400,FALSE,38,161,123
1950005,4,41,330,371,FALSE,41,144,103
1950005,8,39,300,339,FALSE,39,130,91
1950006,4,45,436,481,FALSE,45,195,150
1950006,8,60,429,489,FALSE,60,184,124
1950007,4,1,36,37,FALSE,1,17,16
1950007,8,1,30,31,FALSE,1,14,13
1950009,4,15,75,90,FALSE,15,29,14
1950009,8,12,73,85,FALSE,12,30,18
1970001,4,140,356,496,FALSE,140,107,-33
1970001,8,102,323,425,FALSE,102,110,8
1970002,4,87,202,289,FALSE,87,57,-30
1970002,8,74,223,297,FALSE,74,74,0
1970003,4,100,292,392,FALSE,100,95,-5
1970003,8,83,284,367,FALSE,83,100,17
1970004,4,150,344,494,FALSE,150,96,-54
1970004,8,110,341,451,FALSE,110,115,5
1970301,4,3,20,23,FALSE,3,8,5
1970301,8,4,28,32,FALSE,4,11,7
1990001,4,364,468,832,FALSE,364,51,-313
1990001,8,317,553,870,FALSE,317,117,-200
1990002,4,703,1803,2506,FALSE,703,549,-154
1990002,8,348,1955,2303,FALSE,348,803,455
1990003,4,129,308,437,FALSE,129,89,-40
1990003,8,48,342,390,FALSE,48,146,98
1990004,4,147,347,494,FALSE,147,99,-48
1990004,8,55,425,480,FALSE,55,184,129
1990005,4,79,324,403,FALSE,79,122,43
1990005,8,54,358,412,FALSE,54,151,97
1990006,4,427,1256,1683,FALSE,427,414,-13
1990006,8,314,1730,2044,FALSE,314,707,393
1990007,4,135,276,411,FALSE,135,70,-65
1990007,8,70,316,386,FALSE,70,122,52
1990008,4,147,433,580,FALSE,147,142,-5
1990008,8,100,417,517,FALSE,100,158,58
1990009,4,535,1082,1617,FALSE,535,273,-262
1990009,8,436,1196,1632,FALSE,436,379,-57
1990010,4,759,724,1483,TRUE,17,724,707
1990010,8,770,716,1486,TRUE,26,716,690
1990011,4,213,337,550,FALSE,213,61,-152
1990011,8,91,402,493,FALSE,91,155,64
1990012,4,179,366,545,FALSE,179,93,-86
1990012,8,121,403,524,FALSE,121,140,19
1990013,4,261,1066,1327,FALSE,261,402,141
1990013,8,180,1110,1290,FALSE,180,464,284
1990014,4,161,866,1027,FALSE,161,352,191
1990014,8,141,869,1010,FALSE,141,363,222
1990015,4,292,891,1183,FALSE,292,299,7
1990015,8,197,943,1140,FALSE,197,372,175
1990016,4,269,957,1226,FALSE,269,343,74
1990016,8,152,1039,1191,FALSE,152,443,291
1990017,4,149,461,610,FALSE,149,155,6
1990017,8,74,494,568,FALSE,74,209,135
1990018,4,531,2555,3086,FALSE,531,1011,480
1990018,8,393,2836,3229,FALSE,393,1221,828
1990019,4,108,422,530,FALSE,108,156,48
1990019,8,78,499,577,FALSE,78,210,132
2010001,4,643,347,990,TRUE,147,347,200
2010001,8,794,361,1155,TRUE,216,361,145
2010002,4,510,469,979,TRUE,20,469,449
2010002,8,586,568,1154,TRUE,8,568,560
2010003,4,852,634,1486,TRUE,108,634,526
2010003,8,1011,744,1755,TRUE,133,744,611
2010004,4,750,444,1194,TRUE,152,444,292
2010004,8,761,433,1194,TRUE,163,433,270
2010005,4,612,385,997,TRUE,113,385,272
2010005,8,646,389,1035,TRUE,128,389,261
2010006,4,637,1557,2194,FALSE,637,459,-178
2010006,8,873,1262,2135,FALSE,873,194,-679
2010007,4,554,38,592,TRUE,257,38,-219
2010007,8,629,22,651,TRUE,303,22,-281
2010008,4,497,648,1145,FALSE,497,75,-422
2010008,8,544,563,1107,FALSE,544,9,-535
2010009,4,415,189,604,TRUE,112,189,77
2010009,8,560,227,787,TRUE,166,227,61
2010010,4,451,278,729,TRUE,86,278,192
2010010,8,461,233,694,TRUE,113,233,120
2010011,4,527,203,730,TRUE,161,203,42
2010011,8,504,189,693,TRUE,157,189,32
2010012,4,180,261,441,FALSE,180,40,-140
2010012,8,189,195,384,FALSE,189,2,-187
2010013,4,607,1303,1910,FALSE,607,347,-260
2010013,8,589,1145,1734,FALSE,589,277,-312
2010014,4,608,832,1440,FALSE,608,111,-497
2010014,8,642,775,1417,FALSE,642,66,-576
2010015,4,917,1291,2208,FALSE,917,186,-731
2010015,8,1000,1199,2199,FALSE,1000,99,-901
2010016,4,380,345,725,TRUE,17,345,328
2010016,8,514,335,849,TRUE,89,335,246
2010017,4,902,787,1689,TRUE,57,787,730
2010017,8,934,682,1616,TRUE,125,682,557
2010018,4,499,510,1009,FALSE,499,5,-494
2010018,8,507,485,992,TRUE,10,485,475
2010019,4,284,116,400,TRUE,83,116,33
2010019,8,507,277,784,TRUE,114,277,163
2010020,4,553,312,865,TRUE,120,312,192
2010020,8,792,349,1141,TRUE,221,349,128
2010021,4,330,77,407,TRUE,126,77,-49
2010021,8,448,106,554,TRUE,170,106,-64
2010022,4,1143,309,1452,TRUE,416,309,-107
2010022,8,1275,227,1502,TRUE,523,227,-296
2010023,4,95,58,153,TRUE,18,58,40
2010023,8,95,34,129,TRUE,30,34,4
2010024,4,269,8,277,TRUE,130,8,-122
2010024,8,300,12,312,TRUE,143,12,-131
2010025,4,474,20,494,TRUE,226,20,-206
2010025,8,506,13,519,TRUE,246,13,-233
2010026,4,641,308,949,TRUE,166,308,142
2010026,8,628,310,938,TRUE,158,310,152
2010027,4,956,447,1403,TRUE,254,447,193
2010027,8,1013,410,1423,TRUE,301,410,109
2010028,4,498,1102,1600,FALSE,498,301,-197
2010028,8,618,1074,1692,FALSE,618,227,-391
2010029,4,598,503,1101,TRUE,47,503,456
2010029,8,583,440,1023,TRUE,71,440,369
2010030,4,615,214,829,TRUE,200,214,14
2010030,8,933,315,1248,TRUE,308,315,7
2010031,4,1058,46,1104,TRUE,505,46,-459
2010031,8,1463,18,1481,TRUE,722,18,-704
2010032,4,654,561,1215,TRUE,46,561,515
2010032,8,819,643,1462,TRUE,87,643,556
2010033,4,1069,642,1711,TRUE,213,642,429
2010033,8,1430,833,2263,TRUE,298,833,535
2010034,4,1181,444,1625,TRUE,368,444,76
2010034,8,1334,443,1777,TRUE,445,443,-2
2010035,4,2,1,3,TRUE,0,1,1
2010035,8,3,1,4,TRUE,0,1,1
2010036,4,955,629,1584,TRUE,162,629,467
2010036,8,1036,479,1515,TRUE,278,479,201
2010037,4,828,388,1216,TRUE,219,388,169
2010037,8,850,397,1247,TRUE,226,397,171
2010038,4,1159,672,1831,TRUE,243,672,429
2010038,8,1246,664,1910,TRUE,290,664,374
2010039,4,1270,496,1766,TRUE,386,496,110
2010039,8,1337,435,1772,TRUE,450,435,-15
2010040,4,1197,887,2084,TRUE,154,887,733
2010040,8,1238,851,2089,TRUE,193,851,658
2010041,4,237,624,861,FALSE,237,193,-44
2010041,8,887,876,1763,TRUE,5,876,871
2010042,4,618,26,644,TRUE,295,26,-269
2010042,8,647,7,654,TRUE,319,7,-312
2010043,4,376,526,902,FALSE,376,74,-302
2010043,8,409,476,885,FALSE,409,33,-376
2010044,4,517,258,775,TRUE,129,258,129
2010044,8,524,212,736,TRUE,155,212,57
2010045,4,1459,707,2166,TRUE,375,707,332
2010045,8,2418,641,3059,TRUE,888,641,-247
2010046,4,718,287,1005,TRUE,215,287,72
2010046,8,705,253,958,TRUE,225,253,28
2010047,4,798,36,834,TRUE,380,36,-344
2010047,8,853,19,872,TRUE,416,19,-397
2010048,4,424,25,449,TRUE,199,25,-174
2010048,8,555,42,597,TRUE,256,42,-214
2010049,4,390,1115,1505,FALSE,390,362,-28
2010049,8,492,1195,1687,FALSE,492,351,-141
2010050,4,720,1301,2021,FALSE,720,290,-430
2010050,8,1271,1503,2774,FALSE,1271,115,-1156
2010051,4,294,790,1084,FALSE,294,247,-47
2010051,8,271,753,1024,FALSE,271,240,-31
2010052,4,580,561,1141,TRUE,9,561,552
2010052,8,725,628,1353,TRUE,48,628,580
2010053,4,990,629,1619,TRUE,180,629,449
2010053,8,1144,754,1898,TRUE,194,754,560
2010054,4,866,1111,1977,FALSE,866,122,-744
2010054,8,1117,1245,2362,FALSE,1117,63,-1054
2010055,4,252,84,336,TRUE,83,84,1
2010055,8,417,211,628,TRUE,102,211,109
2010056,4,264,635,899,FALSE,264,185,-79
2010056,8,288,575,863,FALSE,288,143,-145
2010057,4,1173,791,1964,TRUE,190,791,601
2010057,8,1266,804,2070,TRUE,230,804,574
2010058,4,607,438,1045,TRUE,84,438,354
2010058,8,833,524,1357,TRUE,154,524,370
2010059,4,795,574,1369,TRUE,110,574,464
2010059,8,828,598,1426,TRUE,114,598,484
2010060,4,1129,446,1575,TRUE,341,446,105
2010060,8,1063,424,1487,TRUE,319,424,105
2010061,4,629,471,1100,TRUE,78,471,393
2010061,8,653,340,993,TRUE,156,340,184
2010062,4,634,330,964,TRUE,151,330,179
2010062,8,619,277,896,TRUE,170,277,107
2010063,4,288,820,1108,FALSE,288,265,-23
2010063,8,221,897,1118,FALSE,221,337,116
2010064,4,643,246,889,TRUE,198,246,48
2010064,8,564,207,771,TRUE,178,207,29
2010065,4,684,254,938,TRUE,214,254,40
2010065,8,610,236,846,TRUE,186,236,50
2010066,4,360,116,476,TRUE,121,116,-5
2010066,8,383,83,466,TRUE,149,83,-66
2010067,4,712,392,1104,TRUE,159,392,233
2010067,8,825,334,1159,TRUE,245,334,89
2010068,4,1141,46,1187,TRUE,547,46,-501
2010068,8,1371,9,1380,TRUE,680,9,-671
2010069,4,386,170,556,TRUE,107,170,63
2010069,8,376,132,508,TRUE,121,132,11
2010070,4,804,1177,1981,FALSE,804,186,-618
2010070,8,994,1245,2239,FALSE,994,125,-869
2010071,4,607,483,1090,TRUE,61,483,422
2010071,8,994,786,1780,TRUE,103,786,683
2010072,4,572,365,937,TRUE,103,365,262
2010072,8,587,332,919,TRUE,127,332,205
2010073,4,389,515,904,FALSE,389,62,-327
2010073,8,404,549,953,FALSE,404,72,-332
2010074,4,561,2229,2790,FALSE,561,833,272
2010074,8,598,2245,2843,FALSE,598,823,225
2010075,4,393,273,666,TRUE,59,273,214
2010075,8,466,284,750,TRUE,90,284,194
2010076,4,613,989,1602,FALSE,613,187,-426
2010076,8,585,889,1474,FALSE,585,151,-434
2010077,4,192,118,310,TRUE,36,118,82
2010077,8,260,94,354,TRUE,82,94,12
2010078,4,435,317,752,TRUE,58,317,259
2010078,8,438,260,698,TRUE,88,260,172
2010079,4,887,443,1330,TRUE,221,443,222
2010079,8,855,343,1198,TRUE,255,343,88
2010080,4,1336,742,2078,TRUE,296,742,446
2010080,8,1495,617,2112,TRUE,438,617,179
2010081,4,497,448,945,TRUE,24,448,424
2010081,8,443,373,816,TRUE,34,373,339
2010082,4,401,1363,1764,FALSE,401,480,79
2010082,8,561,1488,2049,FALSE,561,463,-98
2010083,4,881,948,1829,FALSE,881,33,-848
2010083,8,1652,1487,3139,TRUE,82,1487,1405
2010084,4,274,573,847,FALSE,274,149,-125
2010084,8,230,571,801,FALSE,230,170,-60
2010085,4,1026,28,1054,TRUE,498,28,-470
2010085,8,1182,8,1190,TRUE,586,8,-578
2010086,4,497,419,916,TRUE,38,419,381
2010086,8,812,560,1372,TRUE,125,560,435
2010087,4,819,1299,2118,FALSE,819,239,-580
2010087,8,931,1276,2207,FALSE,931,172,-759
2010088,4,164,260,424,FALSE,164,47,-117
2010088,8,152,224,376,FALSE,152,35,-117
2010089,4,320,469,789,FALSE,320,74,-246
2010089,8,380,451,831,FALSE,380,35,-345
2010090,4,552,1686,2238,FALSE,552,566,14
2010090,8,659,1810,2469,FALSE,659,575,-84
2010091,4,260,419,679,FALSE,260,79,-181
2010091,8,354,472,826,FALSE,354,58,-296
2010092,4,494,1246,1740,FALSE,494,375,-119
2010092,8,551,1156,1707,FALSE,551,302,-249
2010093,4,696,757,1453,FALSE,696,30,-666
2010093,8,711,630,1341,TRUE,40,630,590
2010094,4,142,81,223,TRUE,30,81,51
2010094,8,151,80,231,TRUE,35,80,45
2010095,4,601,1651,2252,FALSE,601,524,-77
2010095,8,717,1546,2263,FALSE,717,414,-303
2010096,4,422,134,556,TRUE,143,134,-9
2010096,8,616,75,691,TRUE,270,75,-195
2010097,4,608,1870,2478,FALSE,608,630,22
2010097,8,790,2021,2811,FALSE,790,615,-175
2010098,4,292,971,1263,FALSE,292,339,47
2010098,8,262,1126,1388,FALSE,262,431,169
2010099,4,429,594,1023,FALSE,429,82,-347
2010099,8,462,481,943,FALSE,462,9,-453
2010100,4,379,447,826,FALSE,379,33,-346
2010100,8,387,388,775,FALSE,387,0,-387
2010101,4,234,166,400,TRUE,33,166,133
2010101,8,370,90,460,TRUE,139,90,-49
2010102,4,567,273,840,TRUE,146,273,127
2010102,8,587,234,821,TRUE,176,234,58
2010103,4,666,1152,1818,FALSE,666,242,-424
2010103,8,1112,1356,2468,FALSE,1112,121,-991
2010104,4,1125,74,1199,TRUE,525,74,-451
2010104,8,1212,22,1234,TRUE,594,22,-572
2010105,4,515,437,952,TRUE,38,437,399
2010105,8,583,336,919,TRUE,123,336,213
2010106,4,44,74,118,FALSE,44,14,-30
2010106,8,40,42,82,FALSE,40,0,-40
2010107,4,485,221,706,TRUE,131,221,90
2010107,8,609,157,766,TRUE,225,157,-68
2010108,4,713,1423,2136,FALSE,713,354,-359
2010108,8,840,1231,2071,FALSE,840,195,-645
2010109,4,1348,59,1407,TRUE,644,59,-585
2010109,8,1617,15,1632,TRUE,800,15,-785
2010110,4,574,1498,2072,FALSE,574,461,-113
2010110,8,973,1763,2736,FALSE,973,394,-579
2010111,4,415,2143,2558,FALSE,415,863,448
2010111,8,557,1890,2447,FALSE,557,666,109
2010112,4,497,1669,2166,FALSE,497,585,88
2010112,8,631,1424,2055,FALSE,631,396,-235
2010113,4,522,1310,1832,FALSE,522,393,-129
2010113,8,694,1057,1751,FALSE,694,181,-513
2010114,4,245,1216,1461,FALSE,245,485,240
2010114,8,422,1615,2037,FALSE,422,596,174
2010115,4,695,163,858,TRUE,265,163,-102
2010115,8,754,118,872,TRUE,317,118,-199
2010116,4,500,1578,2078,FALSE,500,538,38
2010116,8,554,1639,2193,FALSE,554,542,-12
2010117,4,500,492,992,TRUE,3,492,489
2010117,8,483,423,906,TRUE,29,423,394
2010118,4,365,1236,1601,FALSE,365,435,70
2010118,8,377,1233,1610,FALSE,377,427,50
2010119,4,432,2146,2578,FALSE,432,856,424
2010119,8,612,2340,2952,FALSE,612,863,251
2010120,4,471,963,1434,FALSE,471,245,-226
2010120,8,650,1085,1735,FALSE,650,217,-433
2010121,4,100,247,347,FALSE,100,73,-27
2010121,8,140,268,408,FALSE,140,63,-77
2010122,4,1121,90,1211,TRUE,515,90,-425
2010122,8,1290,46,1336,TRUE,621,46,-575
2010123,4,585,252,837,TRUE,166,252,86
2010123,8,643,252,895,TRUE,195,252,57
2010124,4,262,1350,1612,FALSE,262,543,281
2010124,8,814,2870,3684,FALSE,814,1027,213
2010125,4,453,973,1426,FALSE,453,259,-194
2010125,8,624,926,1550,FALSE,624,150,-474
2010126,4,188,1366,1554,FALSE,188,588,400
2010126,8,232,1468,1700,FALSE,232,617,385
2010127,4,228,593,821,FALSE,228,182,-46
2010127,8,253,617,870,FALSE,253,181,-72
2010128,4,589,1089,1678,FALSE,589,249,-340
2010128,8,631,1050,1681,FALSE,631,209,-422
2010129,4,1155,2582,3737,FALSE,1155,713,-442
2010129,8,1315,2266,3581,FALSE,1315,475,-840
2010130,4,418,1393,1811,FALSE,418,487,69
2010130,8,501,1331,1832,FALSE,501,414,-87
2010131,4,391,285,676,TRUE,52,285,233
2010131,8,468,192,660,TRUE,137,192,55
2010132,4,1437,83,1520,TRUE,676,83,-593
2010132,8,1611,24,1635,TRUE,793,24,-769
2010133,4,732,1133,1865,FALSE,732,200,-532
2010133,8,861,1159,2020,FALSE,861,148,-713
2010134,4,420,470,890,FALSE,420,24,-396
2010134,8,444,398,842,TRUE,22,398,376
2010135,4,689,1402,2091,FALSE,689,356,-333
2010135,8,723,1291,2014,FALSE,723,283,-440
2010136,4,1292,89,1381,TRUE,601,89,-512
2010136,8,1462,47,1509,TRUE,707,47,-660
2010137,4,284,270,554,TRUE,6,270,264
2010137,8,352,236,588,TRUE,57,236,179
2010138,4,802,46,848,TRUE,377,46,-331
2010138,8,883,31,914,TRUE,425,31,-394
2010139,4,855,789,1644,TRUE,32,789,757
2010139,8,915,747,1662,TRUE,83,747,664
2010140,4,1405,267,1672,TRUE,568,267,-301
2010140,8,1808,322,2130,TRUE,742,322,-420
2010141,4,159,275,434,FALSE,159,57,-102
2010141,8,144,237,381,FALSE,144,46,-98
2010142,4,197,159,356,TRUE,18,159,141
2010142,8,212,108,320,TRUE,51,108,57
2010143,4,27,63,90,FALSE,27,17,-10
2010143,8,618,1547,2165,FALSE,618,464,-154
2010144,4,654,24,678,TRUE,314,24,-290
2010144,8,714,17,731,TRUE,348,17,-331
2010145,4,709,32,741,TRUE,338,32,-306
2010145,8,873,19,892,TRUE,426,19,-407
2010146,4,666,716,1382,FALSE,666,24,-642
2010146,8,740,643,1383,TRUE,48,643,595
2010147,4,1263,356,1619,TRUE,453,356,-97
2010147,8,1481,227,1708,TRUE,626,227,-399
2010148,4,1062,868,1930,TRUE,96,868,772
2010148,8,1154,728,1882,TRUE,212,728,516
2010149,4,469,1023,1492,FALSE,469,276,-193
2010149,8,1926,1532,3458,TRUE,196,1532,1336
2010150,4,358,30,388,TRUE,163,30,-133
2010150,8,716,13,729,TRUE,351,13,-338
2010151,4,389,26,415,TRUE,181,26,-155
2010151,8,406,15,421,TRUE,195,15,-180
2010152,4,637,397,1034,TRUE,119,397,278
2010152,8,779,311,1090,TRUE,233,311,78
2010153,4,410,325,735,TRUE,42,325,283
2010153,8,437,286,723,TRUE,75,286,211
2010154,4,621,358,979,TRUE,131,358,227
2010154,8,662,280,942,TRUE,190,280,90
2010155,4,695,1683,2378,FALSE,695,493,-202
2010155,8,854,1682,2536,FALSE,854,413,-441
2010156,4,1882,121,2003,TRUE,880,121,-759
2010156,8,2080,56,2136,TRUE,1011,56,-955
2010157,4,1042,57,1099,TRUE,492,57,-435
2010157,8,1253,30,1283,TRUE,611,30,-581
2010158,4,1321,72,1393,TRUE,624,72,-552
2010158,8,1666,22,1688,TRUE,821,22,-799
2010159,4,349,35,384,TRUE,156,35,-121
2010159,8,449,57,506,TRUE,195,57,-138
2010160,4,403,27,430,TRUE,187,27,-160
2010160,8,400,9,409,TRUE,195,9,-186
2010161,4,618,15,633,TRUE,301,15,-286
2010161,8,689,4,693,TRUE,342,4,-338
2010162,4,313,264,577,TRUE,24,264,240
2010162,8,283,212,495,TRUE,35,212,177
2010163,4,697,680,1377,TRUE,8,680,672
2010163,8,684,533,1217,TRUE,75,533,458
2010164,4,779,45,824,TRUE,366,45,-321
2010164,8,885,14,899,TRUE,435,14,-421
2010165,4,540,1081,1621,FALSE,540,270,-270
2010165,8,569,932,1501,FALSE,569,181,-388
2010166,4,294,160,454,TRUE,66,160,94
2010166,8,332,192,524,TRUE,69,192,123
2010167,4,3,0,3,TRUE,1,0,-1
2010167,8,9,0,9,TRUE,4,0,-4
2010168,4,278,19,297,TRUE,129,19,-110
2010168,8,298,3,301,TRUE,147,3,-144
2010169,4,1202,54,1256,TRUE,573,54,-519
2010169,8,1380,20,1400,TRUE,679,20,-659
2010170,4,336,451,787,FALSE,336,57,-279
2010170,8,384,414,798,FALSE,384,14,-370
2010171,4,690,55,745,TRUE,317,55,-262
2010171,8,784,27,811,TRUE,378,27,-351
2010172,4,164,151,315,TRUE,6,151,145
2010172,8,194,120,314,TRUE,36,120,84
2010173,4,93,396,489,FALSE,93,151,58
2010173,8,555,1612,2167,FALSE,555,528,-27
2010174,4,687,1564,2251,FALSE,687,438,-249
2010174,8,814,1553,2367,FALSE,814,369,-445
2010175,4,730,1051,1781,FALSE,730,160,-570
2010175,8,822,933,1755,FALSE,822,55,-767
2010176,4,526,667,1193,FALSE,526,70,-456
2010176,8,531,629,1160,FALSE,531,48,-483
2010177,4,342,669,1011,FALSE,342,163,-179
2010177,8,404,652,1056,FALSE,404,123,-281
2010178,4,400,912,1312,FALSE,400,255,-145
2010178,8,489,890,1379,FALSE,489,200,-289
2010179,4,366,444,810,FALSE,366,38,-328
2010179,8,385,404,789,FALSE,385,9,-376
2010180,4,1215,85,1300,TRUE,564,85,-479
2010180,8,1510,44,1554,TRUE,732,44,-688
2010181,4,498,342,840,TRUE,77,342,265
2010181,8,490,328,818,TRUE,80,328,248
2010182,4,864,1386,2250,FALSE,864,260,-604
2010182,8,948,1443,2391,FALSE,948,247,-701
2010183,4,612,1223,1835,FALSE,612,305,-307
2010183,8,706,1186,1892,FALSE,706,239,-467
2010184,4,249,196,445,TRUE,26,196,170
2010184,8,270,182,452,TRUE,43,182,139
2010185,4,659,573,1232,TRUE,42,573,531
2010185,8,672,443,1115,TRUE,114,443,329
2010186,4,299,55,354,TRUE,121,55,-66
2010186,8,403,25,428,TRUE,188,25,-163
2010187,4,67,58,125,TRUE,4,58,54
2010187,8,85,44,129,TRUE,20,44,24
2010188,4,321,383,704,FALSE,321,30,-291
2010188,8,334,290,624,TRUE,21,290,269
2010189,4,517,576,1093,FALSE,517,29,-488
2010189,8,509,537,1046,FALSE,509,13,-496
2010190,4,326,367,693,FALSE,326,20,-306
2010190,8,383,272,655,TRUE,55,272,217
2010191,4,228,191,419,TRUE,18,191,173
2010191,8,285,205,490,TRUE,39,205,166
2010192,4,1077,62,1139,TRUE,507,62,-445
2010192,8,1139,32,1171,TRUE,553,32,-521
2010193,4,534,19,553,TRUE,257,19,-238
2010193,8,659,6,665,TRUE,326,6,-320
2010194,4,706,179,885,TRUE,263,179,-84
2010194,8,790,243,1033,TRUE,273,243,-30
2010195,4,1008,48,1056,TRUE,479,48,-431
2010195,8,1056,11,1067,TRUE,522,11,-511
2010196,4,178,12,190,TRUE,82,12,-70
2010196,8,167,13,180,TRUE,76,13,-63
2010197,4,1445,72,1517,TRUE,686,72,-614
2010197,8,1674,30,1704,TRUE,821,30,-791
2010198,4,329,16,345,TRUE,156,16,-140
2010198,8,314,3,317,TRUE,155,3,-152
2010199,4,441,1703,2144,FALSE,441,630,189
2010199,8,518,1615,2133,FALSE,518,548,30
2010200,4,1276,1120,2396,TRUE,77,1120,1043
2010200,8,1225,1025,2250,TRUE,99,1025,926
2010201,4,375,16,391,TRUE,179,16,-163
2010201,8,356,7,363,TRUE,174,7,-167
2010202,4,737,35,772,TRUE,350,35,-315
2010202,8,766,10,776,TRUE,377,10,-367
2010203,4,302,119,421,TRUE,91,119,28
2010203,8,275,91,366,TRUE,91,91,0
2010204,4,919,1307,2226,FALSE,919,193,-726
2010204,8,1029,1337,2366,FALSE,1029,153,-876
2010205,4,876,53,929,TRUE,411,53,-358
2010205,8,1065,17,1082,TRUE,523,17,-506
2010206,4,696,429,1125,TRUE,133,429,296
2010206,8,762,423,1185,TRUE,169,423,254
2010207,4,430,263,693,TRUE,83,263,180
2010207,8,408,300,708,TRUE,53,300,247
2010208,4,808,453,1261,TRUE,177,453,276
2010208,8,793,374,1167,TRUE,209,374,165
2010209,4,0,0,0,FALSE,0,-1,-1
2010209,8,0,0,0,FALSE,0,-1,-1
2010210,4,1163,94,1257,TRUE,534,94,-440
2010210,8,1315,61,1376,TRUE,626,61,-565
2010211,4,580,704,1284,FALSE,580,61,-519
2010211,8,664,571,1235,TRUE,46,571,525
2010212,4,615,199,814,TRUE,207,199,-8
2010212,8,699,135,834,TRUE,281,135,-146
2010213,4,548,1945,2493,FALSE,548,698,150
2010213,8,616,1922,2538,FALSE,616,652,36
2010214,4,462,784,1246,FALSE,462,160,-302
2010214,8,507,775,1282,FALSE,507,133,-374
2010215,4,605,897,1502,FALSE,605,145,-460
2010215,8,664,933,1597,FALSE,664,134,-530
2010216,4,960,152,1112,TRUE,403,152,-251
2010216,8,1055,107,1162,TRUE,473,107,-366
2010217,4,618,1317,1935,FALSE,618,349,-269
2010217,8,753,1244,1997,FALSE,753,245,-508
2010218,4,727,502,1229,TRUE,112,502,390
2010218,8,850,448,1298,TRUE,200,448,248
2010219,4,1359,155,1514,TRUE,601,155,-446
2010219,8,1574,104,1678,TRUE,734,104,-630
2010220,4,348,948,1296,FALSE,348,299,-49
2010220,8,295,893,1188,FALSE,295,298,3
2010221,4,695,747,1442,FALSE,695,25,-670
2010221,8,705,647,1352,TRUE,28,647,619
2010222,4,929,868,1797,TRUE,30,868,838
2010222,8,1040,797,1837,TRUE,121,797,676
2010223,4,1372,875,2247,TRUE,248,875,627
2010223,8,1568,579,2147,TRUE,494,579,85
2010224,4,1024,897,1921,TRUE,63,897,834
2010224,8,1211,911,2122,TRUE,149,911,762
2010225,4,628,1425,2053,FALSE,628,398,-230
2010225,8,960,949,1909,TRUE,5,949,944
2010226,4,662,341,1003,TRUE,160,341,181
2010226,8,718,296,1014,TRUE,210,296,86
2010227,4,346,1078,1424,FALSE,346,365,19
2010227,8,452,998,1450,FALSE,452,272,-180
2010228,4,646,46,692,TRUE,299,46,-253
2010228,8,737,21,758,TRUE,357,21,-336
2010229,4,254,160,414,TRUE,46,160,114
2010229,8,197,146,343,TRUE,25,146,121
2010230,4,611,25,636,TRUE,292,25,-267
2010230,8,624,10,634,TRUE,306,10,-296
2010231,4,564,388,952,TRUE,87,388,301
2010231,8,606,306,912,TRUE,149,306,157
2010232,4,514,708,1222,FALSE,514,96,-418
2010232,8,578,697,1275,FALSE,578,59,-519
2010233,4,1160,1597,2757,FALSE,1160,218,-942
2010233,8,1421,1398,2819,TRUE,11,1398,1387
2010234,4,542,2049,2591,FALSE,542,753,211
2010234,8,721,2117,2838,FALSE,721,697,-24
2010235,4,691,40,731,TRUE,325,40,-285
2010235,8,735,19,754,TRUE,357,19,-338
2010236,4,995,59,1054,TRUE,467,59,-408
2010236,8,1111,28,1139,TRUE,541,28,-513
2010237,4,1061,55,1116,TRUE,502,55,-447
2010237,8,1238,22,1260,TRUE,607,22,-585
2010238,4,978,50,1028,TRUE,463,50,-413
2010238,8,1068,24,1092,TRUE,521,24,-497
2010239,4,1010,43,1053,TRUE,483,43,-440
2010239,8,1128,34,1162,TRUE,546,34,-512
2010240,4,1314,55,1369,TRUE,629,55,-574
2010240,8,1477,15,1492,TRUE,730,15,-715
2010241,4,548,579,1127,FALSE,548,15,-533
2010241,8,586,493,1079,TRUE,46,493,447
2010242,4,383,500,883,FALSE,383,58,-325
2010242,8,347,405,752,FALSE,347,28,-319
2010243,4,247,10,257,TRUE,118,10,-108
2010243,8,297,1,298,TRUE,147,1,-146
2010244,4,617,956,1573,FALSE,617,169,-448
2010244,8,798,988,1786,FALSE,798,94,-704
2010245,4,574,1985,2559,FALSE,574,705,131
2010245,8,1025,1883,2908,FALSE,1025,428,-597
2010246,4,159,581,740,FALSE,159,210,51
2010246,8,572,1311,1883,FALSE,572,369,-203
2010247,4,803,32,835,TRUE,385,32,-353
2010247,8,910,14,924,TRUE,447,14,-433
2010248,4,450,263,713,TRUE,93,263,170
2010248,8,532,204,736,TRUE,163,204,41
2010249,4,490,1124,1614,FALSE,490,316,-174
2010249,8,514,1006,1520,FALSE,514,245,-269
2010250,4,510,44,554,TRUE,232,44,-188
2010250,8,565,15,580,TRUE,274,15,-259
2010251,4,934,47,981,TRUE,443,47,-396
2010251,8,1377,40,1417,TRUE,668,40,-628
2010252,4,1314,58,1372,TRUE,627,58,-569
2010252,8,1485,29,1514,TRUE,727,29,-698
2010253,4,1137,43,1180,TRUE,546,43,-503
2010253,8,1197,22,1219,TRUE,587,22,-565
2010254,4,307,222,529,TRUE,42,222,180
2010254,8,311,152,463,TRUE,79,152,73
2010255,4,858,863,1721,FALSE,858,2,-856
2010255,8,986,851,1837,TRUE,67,851,784
2010256,4,966,1083,2049,FALSE,966,58,-908
2010256,8,1048,906,1954,TRUE,70,906,836
2010257,4,587,378,965,TRUE,104,378,274
2010257,8,749,314,1063,TRUE,217,314,97
2010258,4,607,1729,2336,FALSE,607,560,-47
2010258,8,654,1656,2310,FALSE,654,500,-154
2010259,4,1639,74,1713,TRUE,782,74,-708
2010259,8,1815,19,1834,TRUE,897,19,-878
2010260,4,26,65,91,FALSE,26,19,-7
2010260,8,286,371,657,FALSE,286,42,-244
2010261,4,180,158,338,TRUE,10,158,148
2010261,8,162,127,289,TRUE,17,127,110
2010262,4,849,1479,2328,FALSE,849,314,-535
2010262,8,957,1386,2343,FALSE,957,214,-743
2010263,4,180,714,894,FALSE,180,266,86
2010263,8,694,1925,2619,FALSE,694,615,-79
2010264,4,682,1165,1847,FALSE,682,241,-441
2010264,8,707,964,1671,FALSE,707,128,-579
2010265,4,667,2009,2676,FALSE,667,670,3
2010265,8,674,2009,2683,FALSE,674,667,-7
2010266,4,554,691,1245,FALSE,554,68,-486
2010266,8,539,577,1116,FALSE,539,18,-521
2010267,4,299,409,708,FALSE,299,54,-245
2010267,8,341,336,677,TRUE,2,336,334
2010268,4,606,1057,1663,FALSE,606,225,-381
2010268,8,709,994,1703,FALSE,709,142,-567
2010269,4,325,1229,1554,FALSE,325,451,126
2010269,8,432,1166,1598,FALSE,432,366,-66
2010270,4,920,1441,2361,FALSE,920,260,-660
2010270,8,929,1326,2255,FALSE,929,198,-731
2010271,4,1363,73,1436,TRUE,644,73,-571
2010271,8,1605,14,1619,TRUE,795,14,-781
2010272,4,553,579,1132,FALSE,553,12,-541
2010272,8,707,465,1172,TRUE,120,465,345
2010273,4,385,1419,1804,FALSE,385,516,131
2010273,8,437,1396,1833,FALSE,437,479,42
2010274,4,572,1399,1971,FALSE,572,413,-159
2010274,8,717,1348,2065,FALSE,717,315,-402
2010275,4,753,257,1010,TRUE,247,257,10
2010275,8,843,185,1028,TRUE,328,185,-143
2010276,4,1421,61,1482,TRUE,679,61,-618
2010276,8,1528,11,1539,TRUE,758,11,-747
2010277,4,384,562,946,FALSE,384,88,-296
2010277,8,310,357,667,FALSE,310,23,-287
2010278,4,572,961,1533,FALSE,572,194,-378
2010278,8,568,833,1401,FALSE,568,132,-436
2010279,4,365,627,992,FALSE,365,130,-235
2010279,8,352,610,962,FALSE,352,128,-224
2010280,4,408,389,797,TRUE,9,389,380
2010280,8,459,295,754,TRUE,81,295,214
2010281,4,932,1130,2062,FALSE,932,98,-834
2010281,8,943,1129,2072,FALSE,943,92,-851
2010282,4,489,851,1340,FALSE,489,180,-309
2010282,8,565,753,1318,FALSE,565,93,-472
2010283,4,2,9,11,FALSE,2,3,1
2010283,8,0,0,0,FALSE,0,-1,-1
2010284,4,1075,991,2066,TRUE,41,991,950
2010284,8,1178,790,1968,TRUE,193,790,597
2010285,4,1160,213,1373,TRUE,473,213,-260
2010285,8,1316,151,1467,TRUE,582,151,-431
2010286,4,2175,394,2569,TRUE,890,394,-496
2010286,8,2831,278,3109,TRUE,1276,278,-998
2010287,4,862,1060,1922,FALSE,862,98,-764
2010287,8,990,1008,1998,FALSE,990,8,-982
2010288,4,1338,55,1393,TRUE,641,55,-586
2010288,8,1445,13,1458,TRUE,715,13,-702
2010289,4,354,471,825,FALSE,354,58,-296
2010289,8,383,391,774,FALSE,383,3,-380
2010290,4,247,756,1003,FALSE,247,254,7
2010290,8,273,728,1001,FALSE,273,227,-46
2010291,4,362,512,874,FALSE,362,74,-288
2010291,8,416,459,875,FALSE,416,21,-395
2010292,4,519,121,640,TRUE,198,121,-77
2010292,8,588,112,700,TRUE,237,112,-125
2010293,4,573,672,1245,FALSE,573,49,-524
2010293,8,650,606,1256,TRUE,21,606,585
2010294,4,1335,54,1389,TRUE,640,54,-586
2010294,8,1348,17,1365,TRUE,665,17,-648
2010295,4,566,23,589,TRUE,271,23,-248
2010295,8,541,10,551,TRUE,265,10,-255
2010296,4,389,780,1169,FALSE,389,195,-194
2010296,8,393,675,1068,FALSE,393,140,-253
2010297,4,626,551,1177,TRUE,37,551,514
2010297,8,620,469,1089,TRUE,75,469,394
2010298,4,567,896,1463,FALSE,567,164,-403
2010298,8,638,808,1446,FALSE,638,84,-554
2010299,4,190,207,397,FALSE,190,8,-182
2010299,8,267,182,449,TRUE,42,182,140
2010300,4,219,912,1131,FALSE,219,346,127
2010300,8,861,2824,3685,FALSE,861,981,120
2010301,4,532,548,1080,FALSE,532,7,-525
2010301,8,472,451,923,TRUE,10,451,441
2010302,4,602,885,1487,FALSE,602,141,-461
2010302,8,566,804,1370,FALSE,566,118,-448
2010303,4,507,1905,2412,FALSE,507,698,191
2010303,8,570,1911,2481,FALSE,570,670,100
2010304,4,683,999,1682,FALSE,683,157,-526
2010304,8,679,961,1640,FALSE,679,140,-539
2010305,4,392,801,1193,FALSE,392,204,-188
2010305,8,1083,818,1901,TRUE,132,818,686
2010306,4,391,1012,1403,FALSE,391,310,-81
2010306,8,413,971,1384,FALSE,413,278,-135
2010307,4,666,1527,2193,FALSE,666,430,-236
2010307,8,644,1472,2116,FALSE,644,413,-231
2010308,4,428,298,726,TRUE,64,298,234
2010308,8,457,234,691,TRUE,111,234,123
2010309,4,447,1745,2192,FALSE,447,648,201
2010309,8,509,1660,2169,FALSE,509,575,66
2010310,4,330,765,1095,FALSE,330,217,-113
2010310,8,348,685,1033,FALSE,348,168,-180
2010311,4,780,1077,1857,FALSE,780,148,-632
2010311,8,795,859,1654,FALSE,795,31,-764
2010312,4,891,1439,2330,FALSE,891,273,-618
2010312,8,1047,1332,2379,FALSE,1047,142,-905
2010313,4,8,18,26,FALSE,8,4,-4
2010313,8,13,15,28,FALSE,13,0,-13
2010314,4,848,2079,2927,FALSE,848,615,-233
2010314,8,1336,2048,3384,FALSE,1336,355,-981
2010315,4,514,835,1349,FALSE,514,160,-354
2010315,8,515,799,1314,FALSE,515,141,-374
2010316,4,489,766,1255,FALSE,489,138,-351
2010316,8,459,648,1107,FALSE,459,94,-365
2010317,4,587,458,1045,TRUE,64,458,394
2010317,8,683,326,1009,TRUE,178,326,148
2010318,4,1741,139,1880,TRUE,800,139,-661
2010318,8,2169,87,2256,TRUE,1040,87,-953
2010319,4,993,152,1145,TRUE,420,152,-268
2010319,8,1194,81,1275,TRUE,556,81,-475
2010320,4,360,399,759,FALSE,360,19,-341
2010320,8,333,384,717,FALSE,333,25,-308
2010321,4,420,417,837,TRUE,1,417,416
2010321,8,400,329,729,TRUE,35,329,294
2010322,4,659,228,887,TRUE,215,228,13
2010322,8,769,176,945,TRUE,296,176,-120
2010323,4,476,445,921,TRUE,15,445,430
2010323,8,509,397,906,TRUE,55,397,342
2010324,4,519,1121,1640,FALSE,519,300,-219
2010324,8,560,1155,1715,FALSE,560,297,-263
2010325,4,602,253,855,TRUE,174,253,79
2010325,8,722,237,959,TRUE,242,237,-5
2010326,4,169,180,349,FALSE,169,5,-164
2010326,8,171,160,331,TRUE,5,160,155
2010327,4,787,24,811,TRUE,381,24,-357
2010327,8,936,10,946,TRUE,462,10,-452
2010328,4,343,369,712,FALSE,343,12,-331
2010328,8,360,268,628,TRUE,45,268,223
2010329,4,426,324,750,TRUE,50,324,274
2010329,8,417,285,702,TRUE,65,285,220
2010330,4,495,602,1097,FALSE,495,53,-442
2010330,8,521,510,1031,TRUE,5,510,505
2010331,4,0,0,0,FALSE,0,-1,-1
2010331,8,1,1,2,FALSE,1,-1,-2
2010332,4,14,25,39,FALSE,14,5,-9
2010332,8,12,15,27,FALSE,12,1,-11
2010333,4,613,1474,2087,FALSE,613,430,-183
2010333,8,562,1379,1941,FALSE,562,408,-154
2010334,4,107,73,180,TRUE,16,73,57
2010334,8,234,81,315,TRUE,76,81,5
2010335,4,223,182,405,TRUE,20,182,162
2010335,8,269,174,443,TRUE,47,174,127
2010336,4,473,74,547,TRUE,199,74,-125
2010336,8,1408,137,1545,TRUE,635,137,-498
2010337,4,227,130,357,TRUE,48,130,82
2010337,8,581,147,728,TRUE,216,147,-69
2010338,4,1244,850,2094,TRUE,196,850,654
2010338,8,1552,846,2398,TRUE,352,846,494
2010339,4,517,243,760,TRUE,136,243,107
2010339,8,533,227,760,TRUE,152,227,75
2010340,4,605,1911,2516,FALSE,605,652,47
2010340,8,714,1865,2579,FALSE,714,575,-139
2010341,4,297,180,477,TRUE,58,180,122
2010341,8,300,179,479,TRUE,60,179,119
2010342,4,741,380,1121,TRUE,180,380,200
2010342,8,2269,354,2623,TRUE,957,354,-603
2010343,4,529,356,885,TRUE,86,356,270
2010343,8,539,336,875,TRUE,101,336,235
2010344,4,589,33,622,TRUE,277,33,-244
2010344,8,649,21,670,TRUE,313,21,-292
2010345,4,608,319,927,TRUE,144,319,175
2010345,8,643,210,853,TRUE,216,210,-6
2010346,4,1,3,4,FALSE,1,0,-1
2010346,8,1,1,2,FALSE,1,-1,-2
2010347,4,581,1177,1758,FALSE,581,297,-284
2010347,8,699,1186,1885,FALSE,699,243,-456
2010348,4,302,922,1224,FALSE,302,309,7
2010348,8,325,839,1164,FALSE,325,256,-69
2010349,4,301,608,909,FALSE,301,153,-148
2010349,8,325,496,821,FALSE,325,85,-240
2010350,4,981,975,1956,TRUE,2,975,973
2010350,8,1235,852,2087,TRUE,191,852,661
2010351,4,672,2672,3344,FALSE,672,999,327
2010351,8,739,2626,3365,FALSE,739,943,204
2010352,4,521,1278,1799,FALSE,521,378,-143
2010352,8,543,1284,1827,FALSE,543,370,-173
2010353,4,1506,583,2089,TRUE,461,583,122
2010353,8,1768,400,2168,TRUE,683,400,-283
2010354,4,1138,686,1824,TRUE,225,686,461
2010354,8,1456,563,2019,TRUE,446,563,117
2010355,4,436,22,458,TRUE,206,22,-184
2010355,8,720,37,757,TRUE,341,37,-304
2010356,4,713,1377,2090,FALSE,713,331,-382
2010356,8,897,1193,2090,FALSE,897,147,-750
2010357,4,483,1872,2355,FALSE,483,694,211
2010357,8,657,1744,2401,FALSE,657,543,-114
2010358,4,1257,360,1617,TRUE,448,360,-88
2010358,8,1760,246,2006,TRUE,756,246,-510
2010359,4,1298,201,1499,TRUE,548,201,-347
2010359,8,1366,124,1490,TRUE,620,124,-496
2010360,4,707,859,1566,FALSE,707,75,-632
2010360,8,806,851,1657,FALSE,806,22,-784
2010361,4,556,202,758,TRUE,176,202,26
2010361,8,686,167,853,TRUE,259,167,-92
2010362,4,740,2638,3378,FALSE,740,948,208
2010362,8,1064,2647,3711,FALSE,1064,791,-273
2010363,4,696,1034,1730,FALSE,696,168,-528
2010363,8,1078,970,2048,TRUE,53,970,917
2010364,4,524,1089,1613,FALSE,524,282,-242
2010364,8,687,851,1538,FALSE,687,81,-606
2010365,4,837,108,945,TRUE,364,108,-256
2010365,8,956,69,1025,TRUE,443,69,-374
2010366,4,355,275,630,TRUE,39,275,236
2010366,8,578,246,824,TRUE,165,246,81
2010367,4,366,79,445,TRUE,143,79,-64
2010367,8,442,66,508,TRUE,187,66,-121
2010368,4,313,183,496,TRUE,64,183,119
2010368,8,367,148,515,TRUE,109,148,39
2010369,4,77,37,114,TRUE,19,37,18
2010369,8,103,43,146,TRUE,29,43,14
2010370,4,530,2134,2664,FALSE,530,801,271
2010370,8,903,2808,3711,FALSE,903,952,49
2010371,4,401,24,425,TRUE,188,24,-164
2010371,8,244,11,255,TRUE,116,11,-105
2010372,4,572,140,712,TRUE,215,140,-75
2010372,8,677,88,765,TRUE,294,88,-206
2010373,4,51,4,55,TRUE,23,4,-19
2010373,8,87,4,91,TRUE,41,4,-37
2010374,4,235,121,356,TRUE,56,121,65
2010374,8,213,126,339,TRUE,43,126,83
2010375,4,533,698,1231,FALSE,533,82,-451
2010375,8,549,537,1086,TRUE,5,537,532
2010376,4,502,629,1131,FALSE,502,63,-439
2010376,8,564,578,1142,FALSE,564,6,-558
2010377,4,532,1409,1941,FALSE,532,438,-94
2010377,8,501,1376,1877,FALSE,501,437,-64
2010378,4,370,815,1185,FALSE,370,222,-148
2010378,8,443,675,1118,FALSE,443,115,-328
2010379,4,1022,178,1200,TRUE,421,178,-243
2010379,8,1113,116,1229,TRUE,498,116,-382
2010380,4,488,991,1479,FALSE,488,251,-237
2010380,8,1420,1945,3365,FALSE,1420,262,-1158
2010381,4,484,604,1088,FALSE,484,59,-425
2010381,8,744,647,1391,TRUE,48,647,599
2010382,4,103,328,431,FALSE,103,112,9
2010382,8,96,318,414,FALSE,96,110,14
2010383,4,942,638,1580,TRUE,151,638,487
2010383,8,1129,509,1638,TRUE,309,509,200
2010384,4,1387,446,1833,TRUE,470,446,-24
2010384,8,1378,364,1742,TRUE,506,364,-142
2010385,4,427,1310,1737,FALSE,427,441,14
2010385,8,459,1294,1753,FALSE,459,417,-42
2010386,4,480,1369,1849,FALSE,480,444,-36
2010386,8,524,1339,1863,FALSE,524,407,-117
2010387,4,792,1435,2227,FALSE,792,321,-471
2010387,8,582,1456,2038,FALSE,582,436,-146
2010388,4,406,860,1266,FALSE,406,226,-180
2010388,8,1672,1594,3266,TRUE,38,1594,1556
2010389,4,359,49,408,TRUE,154,49,-105
2010389,8,444,45,489,TRUE,199,45,-154
2010390,4,818,164,982,TRUE,326,164,-162
2010390,8,1067,117,1184,TRUE,474,117,-357
2010391,4,439,770,1209,FALSE,439,165,-274
2010391,8,537,792,1329,FALSE,537,127,-410
2010392,4,921,41,962,TRUE,439,41,-398
2010392,8,978,6,984,TRUE,485,6,-479
2010393,4,314,389,703,FALSE,314,37,-277
2010393,8,395,368,763,TRUE,13,368,355
2010394,4,193,226,419,FALSE,193,16,-177
2010394,8,168,166,334,TRUE,0,166,166
2010395,4,356,963,1319,FALSE,356,303,-53
2010395,8,389,923,1312,FALSE,389,266,-123
2010396,4,1276,60,1336,TRUE,607,60,-547
2010396,8,1402,15,1417,TRUE,693,15,-678
2010397,4,177,205,382,FALSE,177,13,-164
2010397,8,171,165,336,TRUE,2,165,163
2010398,4,870,1391,2261,FALSE,870,260,-610
2010398,8,1212,1293,2505,FALSE,1212,40,-1172
2010399,4,523,949,1472,FALSE,523,212,-311
2010399,8,687,799,1486,FALSE,687,55,-632
2010400,4,272,971,1243,FALSE,272,349,77
2010400,8,341,937,1278,FALSE,341,297,-44
2010401,4,854,89,943,TRUE,382,89,-293
2010401,8,1039,40,1079,TRUE,499,40,-459
2010402,4,1233,100,1333,TRUE,566,100,-466
2010402,8,1466,51,1517,TRUE,707,51,-656
2010403,4,537,823,1360,FALSE,537,142,-395
2010403,8,552,780,1332,FALSE,552,113,-439
2010404,4,574,944,1518,FALSE,574,184,-390
2010404,8,540,813,1353,FALSE,540,136,-404
2010405,4,0,0,0,FALSE,0,-1,-1
2010405,8,15,4,19,TRUE,5,4,-1
2010406,4,380,10,390,TRUE,184,10,-174
2010406,8,396,7,403,TRUE,194,7,-187
2010407,4,704,1689,2393,FALSE,704,492,-212
2010407,8,760,1562,2322,FALSE,760,400,-360
2010408,4,181,214,395,FALSE,181,16,-165
2010408,8,192,165,357,TRUE,13,165,152
2010409,4,432,344,776,TRUE,43,344,301
2010409,8,545,228,773,TRUE,158,228,70
2010410,4,286,136,422,TRUE,74,136,62
2010410,8,309,84,393,TRUE,112,84,-28
2010411,4,547,372,919,TRUE,87,372,285
2010411,8,651,308,959,TRUE,171,308,137
2010412,4,211,10,221,TRUE,100,10,-90
2010412,8,225,7,232,TRUE,108,7,-101
2010413,4,1027,984,2011,TRUE,21,984,963
2010413,8,1162,836,1998,TRUE,162,836,674
2010414,4,540,1583,2123,FALSE,540,521,-19
2010414,8,566,1555,2121,FALSE,566,494,-72
2010415,4,442,1172,1614,FALSE,442,364,-78
2010415,8,494,1090,1584,FALSE,494,297,-197
2010416,4,908,1340,2248,FALSE,908,215,-693
2010416,8,1029,1204,2233,FALSE,1029,87,-942
2010417,4,630,936,1566,FALSE,630,152,-478
2010417,8,798,734,1532,TRUE,31,734,703
2010418,4,808,841,1649,FALSE,808,16,-792
2010418,8,1124,772,1896,TRUE,175,772,597
2010419,4,601,1304,1905,FALSE,601,351,-250
2010419,8,555,1131,1686,FALSE,555,287,-268
2010420,4,584,2343,2927,FALSE,584,879,295
2010420,8,578,2626,3204,FALSE,578,1023,445
2010421,4,233,59,292,TRUE,86,59,-27
2010421,8,249,52,301,TRUE,98,52,-46
2010422,4,1604,89,1693,TRUE,757,89,-668
2010422,8,1959,32,1991,TRUE,963,32,-931
2010423,4,225,310,535,FALSE,225,42,-183
2010423,8,229,250,479,FALSE,229,10,-219
2010424,4,177,230,407,FALSE,177,26,-151
2010424,8,196,212,408,FALSE,196,7,-189
2010425,4,282,235,517,TRUE,23,235,212
2010425,8,319,179,498,TRUE,69,179,110
2010426,4,286,553,839,FALSE,286,133,-153
2010426,8,273,447,720,FALSE,273,86,-187
2010427,4,287,293,580,FALSE,287,2,-285
2010427,8,350,254,604,TRUE,47,254,207
2010428,4,1035,771,1806,TRUE,131,771,640
2010428,8,1351,868,2219,TRUE,241,868,627
2010429,4,1273,583,1856,TRUE,344,583,239
2010429,8,1597,518,2115,TRUE,539,518,-21
2010430,4,574,234,808,TRUE,169,234,65
2010430,8,620,167,787,TRUE,226,167,-59
2010431,4,1111,534,1645,TRUE,288,534,246
2010431,8,1041,411,1452,TRUE,314,411,97
2010432,4,430,254,684,TRUE,87,254,167
2010432,8,403,189,592,TRUE,106,189,83
2010433,4,228,80,308,TRUE,73,80,7
2010433,8,250,56,306,TRUE,96,56,-40
2010434,4,336,695,1031,FALSE,336,179,-157
2010434,8,392,639,1031,FALSE,392,123,-269
2010435,4,667,1501,2168,FALSE,667,416,-251
2010435,8,768,1419,2187,FALSE,768,325,-443
2010436,4,702,1424,2126,FALSE,702,360,-342
2010436,8,888,1255,2143,FALSE,888,183,-705
2010437,4,403,1124,1527,FALSE,403,360,-43
2010437,8,446,1055,1501,FALSE,446,304,-142
2010438,4,348,1051,1399,FALSE,348,351,3
2010438,8,372,994,1366,FALSE,372,310,-62
2010439,4,645,1791,2436,FALSE,645,572,-73
2010439,8,726,1651,2377,FALSE,726,462,-264
2010440,4,468,1702,2170,FALSE,468,616,148
2010440,8,524,1658,2182,FALSE,524,566,42
2010441,4,275,894,1169,FALSE,275,309,34
2010441,8,321,876,1197,FALSE,321,277,-44
2010442,4,322,1746,2068,FALSE,322,711,389
2010442,8,345,1569,1914,FALSE,345,611,266
2010443,4,133,331,464,FALSE,133,98,-35
2010443,8,144,323,467,FALSE,144,89,-55
2010444,4,670,1388,2058,FALSE,670,358,-312
2010444,8,683,1235,1918,FALSE,683,275,-408
2010445,4,475,967,1442,FALSE,475,245,-230
2010445,8,490,841,1331,FALSE,490,175,-315
2010446,4,39,42,81,FALSE,39,1,-38
2010446,8,46,54,100,FALSE,46,3,-43
2010447,4,107,77,184,TRUE,14,77,63
2010447,8,209,110,319,TRUE,49,110,61
2010448,4,958,1425,2383,FALSE,958,233,-725
2010448,8,990,1320,2310,FALSE,990,164,-826
2010449,4,0,0,0,FALSE,0,-1,-1
2010449,8,33,0,33,TRUE,16,0,-16
2010450,4,1090,528,1618,TRUE,280,528,248
2010450,8,1164,414,1578,TRUE,374,414,40
2010451,4,333,1827,2160,FALSE,333,746,413
2010451,8,375,1706,2081,FALSE,375,665,290
2010452,4,381,1201,1582,FALSE,381,409,28
2010452,8,449,1212,1661,FALSE,449,381,-68
2010453,4,565,479,1044,TRUE,42,479,437
2010453,8,650,378,1028,TRUE,135,378,243
2010454,4,1393,65,1458,TRUE,663,65,-598
2010454,8,1552,7,1559,TRUE,772,7,-765
2010455,4,893,60,953,TRUE,416,60,-356
2010455,8,975,27,1002,TRUE,473,27,-446
2010456,4,535,1025,1560,FALSE,535,244,-291
2010456,8,754,985,1739,FALSE,754,115,-639
2010457,4,0,1,1,FALSE,0,0,0
2010457,8,1,0,1,TRUE,0,0,0
2010458,4,966,103,1069,TRUE,431,103,-328
2010458,8,1074,72,1146,TRUE,500,72,-428
2010459,4,430,1697,2127,FALSE,430,633,203
2010459,8,489,1696,2185,FALSE,489,603,114
2010460,4,436,376,812,TRUE,29,376,347
2010460,8,988,510,1498,TRUE,238,510,272
2010461,4,636,1528,2164,FALSE,636,445,-191
2010461,8,864,1680,2544,FALSE,864,407,-457
2010462,4,1007,1003,2010,TRUE,1,1003,1002
2010462,8,1348,888,2236,TRUE,229,888,659
2010463,4,329,635,964,FALSE,329,152,-177
2010463,8,788,699,1487,TRUE,44,699,655
2010464,4,417,1113,1530,FALSE,417,347,-70
2010464,8,452,1005,1457,FALSE,452,276,-176
2010465,4,727,1656,2383,FALSE,727,464,-263
2010465,8,985,1307,2292,FALSE,985,160,-825
2010466,4,903,1730,2633,FALSE,903,413,-490
2010466,8,1127,1580,2707,FALSE,1127,226,-901
2010467,4,472,371,843,TRUE,50,371,321
2010467,8,634,268,902,TRUE,182,268,86
2010468,4,1020,756,1776,TRUE,131,756,625
2010468,8,1448,639,2087,TRUE,404,639,235
2010469,4,471,2111,2582,FALSE,471,819,348
2010469,8,576,2047,2623,FALSE,576,735,159
2010470,4,234,550,784,FALSE,234,157,-77
2010470,8,215,573,788,FALSE,215,178,-37
2010471,4,347,1032,1379,FALSE,347,342,-5
2010471,8,321,979,1300,FALSE,321,328,7
2010472,4,391,400,791,FALSE,391,4,-387
2010472,8,423,324,747,TRUE,49,324,275
2010473,4,418,1075,1493,FALSE,418,328,-90
2010473,8,453,992,1445,FALSE,453,269,-184
2010474,4,582,1523,2105,FALSE,582,470,-112
2010474,8,626,1389,2015,FALSE,626,381,-245
2010475,4,260,349,609,FALSE,260,44,-216
2010475,8,462,390,852,TRUE,35,390,355
2010476,4,588,1109,1697,FALSE,588,260,-328
2010476,8,630,957,1587,FALSE,630,163,-467
2010477,4,434,1563,1997,FALSE,434,564,130
2010477,8,547,1535,2082,FALSE,547,493,-54
2010478,4,572,1856,2428,FALSE,572,641,69
2010478,8,878,1853,2731,FALSE,878,487,-391
2010479,4,363,1440,1803,FALSE,363,538,175
2010479,8,493,1425,1918,FALSE,493,465,-28
2010480,4,570,1776,2346,FALSE,570,602,32
2010480,8,646,1808,2454,FALSE,646,580,-66
2010481,4,484,1628,2112,FALSE,484,571,87
2010481,8,544,1743,2287,FALSE,544,599,55
2010482,4,634,1998,2632,FALSE,634,681,47
2010482,8,903,1894,2797,FALSE,903,495,-408
2010483,4,1081,1721,2802,FALSE,1081,319,-762
2010483,8,1314,1425,2739,FALSE,1314,55,-1259
2010484,4,654,2456,3110,FALSE,654,900,246
2010484,8,822,2265,3087,FALSE,822,721,-101
2010485,4,569,2437,3006,FALSE,569,933,364
2010485,8,892,2507,3399,FALSE,892,807,-85
2010486,4,388,1693,2081,FALSE,388,652,264
2010486,8,537,1819,2356,FALSE,537,640,103
2010487,4,828,585,1413,TRUE,121,585,464
2010487,8,988,548,1536,TRUE,219,548,329
2010488,4,621,511,1132,TRUE,54,511,457
2010488,8,752,441,1193,TRUE,155,441,286
2010489,4,710,505,1215,TRUE,102,505,403
2010489,8,820,374,1194,TRUE,222,374,152
2010490,4,1092,787,1879,TRUE,152,787,635
2010490,8,1147,672,1819,TRUE,237,672,435
2010491,4,446,827,1273,FALSE,446,190,-256
2010491,8,542,674,1216,FALSE,542,65,-477
2010492,4,652,1099,1751,FALSE,652,223,-429
2010492,8,793,946,1739,FALSE,793,76,-717
2010493,4,414,904,1318,FALSE,414,244,-170
2010493,8,489,808,1297,FALSE,489,159,-330
2010494,4,1176,252,1428,TRUE,461,252,-209
2010494,8,1450,211,1661,TRUE,619,211,-408
2010495,4,276,631,907,FALSE,276,177,-99
2010495,8,459,1165,1624,FALSE,459,352,-107
2010496,4,534,513,1047,TRUE,10,513,503
2010496,8,605,451,1056,TRUE,76,451,375
2010497,4,1241,133,1374,TRUE,553,133,-420
2010497,8,1353,57,1410,TRUE,647,57,-590
2010498,4,545,713,1258,FALSE,545,83,-462
2010498,8,810,532,1342,TRUE,138,532,394
2010499,4,451,1353,1804,FALSE,451,450,-1
2010499,8,489,1300,1789,FALSE,489,405,-84
2010500,4,544,1521,2065,FALSE,544,488,-56
2010500,8,697,1471,2168,FALSE,697,386,-311
2010501,4,586,222,808,TRUE,181,222,41
2010501,8,688,279,967,TRUE,204,279,75
2010502,4,290,1002,1292,FALSE,290,355,65
2010502,8,294,1114,1408,FALSE,294,409,115
2010503,4,380,275,655,TRUE,52,275,223
2010503,8,441,272,713,TRUE,84,272,188
2010504,4,516,1198,1714,FALSE,516,340,-176
2010504,8,564,1102,1666,FALSE,564,268,-296
2010505,4,1064,1175,2239,FALSE,1064,55,-1009
2010505,8,1145,945,2090,TRUE,99,945,846
2010506,4,1431,555,1986,TRUE,437,555,118
2010506,8,1771,461,2232,TRUE,654,461,-193
2010507,4,791,358,1149,TRUE,216,358,142
2010507,8,778,253,1031,TRUE,262,253,-9
2010508,4,819,733,1552,TRUE,42,733,691
2010508,8,1038,642,1680,TRUE,197,642,445
2010509,4,460,1447,1907,FALSE,460,493,33
2010509,8,627,1385,2012,FALSE,627,378,-249
2010510,4,943,1265,2208,FALSE,943,160,-783
2010510,8,1203,1126,2329,TRUE,38,1126,1088
2010511,4,0,0,0,FALSE,0,-1,-1
2010511,8,0,0,0,FALSE,0,-1,-1
2010512,4,948,1319,2267,FALSE,948,185,-763
2010512,8,1288,1202,2490,TRUE,42,1202,1160
2010513,4,436,1777,2213,FALSE,436,670,234
2010513,8,461,1673,2134,FALSE,461,605,144
2010514,4,565,1887,2452,FALSE,565,660,95
2010514,8,710,1854,2564,FALSE,710,571,-139
2010515,4,341,1771,2112,FALSE,341,714,373
2010515,8,459,1835,2294,FALSE,459,687,228
2010516,4,930,1926,2856,FALSE,930,497,-433
2010516,8,1386,1731,3117,FALSE,1386,172,-1214
2010517,4,642,1333,1975,FALSE,642,345,-297
2010517,8,827,1025,1852,FALSE,827,98,-729
2010518,4,691,1705,2396,FALSE,691,506,-185
2010518,8,919,1591,2510,FALSE,919,335,-584
2010519,4,463,1460,1923,FALSE,463,498,35
2010519,8,548,1401,1949,FALSE,548,426,-122
2010520,4,1068,795,1863,TRUE,136,795,659
2010520,8,1615,517,2132,TRUE,548,517,-31
2010521,4,673,1230,1903,FALSE,673,278,-395
2010521,8,1130,1173,2303,FALSE,1130,21,-1109
2010522,4,523,1803,2326,FALSE,523,639,116
2010522,8,617,1808,2425,FALSE,617,595,-22
2010523,4,603,1602,2205,FALSE,603,499,-104
2010523,8,660,1391,2051,FALSE,660,365,-295
2010524,4,1127,915,2042,TRUE,105,915,810
2010524,8,1320,679,1999,TRUE,320,679,359
2010525,4,1352,561,1913,TRUE,395,561,166
2010525,8,1495,434,1929,TRUE,530,434,-96
2010526,4,173,128,301,TRUE,22,128,106
2010526,8,198,115,313,TRUE,41,115,74
2010527,4,97,100,197,FALSE,97,1,-96
2010527,8,87,77,164,TRUE,4,77,73
2010528,4,61,7,68,TRUE,26,7,-19
2010528,8,52,2,54,TRUE,24,2,-22
2010529,4,333,1874,2207,FALSE,333,770,437
2010529,8,415,1937,2352,FALSE,415,760,345
2010530,4,369,166,535,TRUE,101,166,65
2010530,8,323,134,457,TRUE,94,134,40
2010531,4,158,475,633,FALSE,158,158,0
2010531,8,145,576,721,FALSE,145,215,70
2010532,4,198,541,739,FALSE,198,171,-27
2010532,8,198,455,653,FALSE,198,128,-70
2010533,4,243,316,559,FALSE,243,36,-207
2010533,8,250,313,563,FALSE,250,31,-219
2010534,4,681,1798,2479,FALSE,681,558,-123
2010534,8,667,1760,2427,FALSE,667,546,-121
2010535,4,99,66,165,TRUE,16,66,50
2010535,8,83,65,148,TRUE,8,65,57
2010536,4,762,804,1566,FALSE,762,20,-742
2010536,8,1386,894,2280,TRUE,245,894,649
2010537,4,399,1197,1596,FALSE,399,398,-1
2010537,8,594,1451,2045,FALSE,594,428,-166
2010538,4,557,30,587,TRUE,263,30,-233
2010538,8,680,17,697,TRUE,331,17,-314
2010539,4,6,6,12,FALSE,6,-1,-7
2010539,8,24,21,45,TRUE,1,21,20
2010540,4,461,439,900,TRUE,10,439,429
2010540,8,653,435,1088,TRUE,108,435,327
2010541,4,1525,279,1804,TRUE,622,279,-343
2010541,8,2280,371,2651,TRUE,954,371,-583
2010542,4,1662,170,1832,TRUE,745,170,-575
2010542,8,2054,118,2172,TRUE,967,118,-849
2010543,4,400,272,672,TRUE,63,272,209
2010543,8,405,235,640,TRUE,84,235,151
2010544,4,133,22,155,TRUE,55,22,-33
2010544,8,135,20,155,TRUE,57,20,-37
2010545,4,840,1233,2073,FALSE,840,196,-644
2010545,8,1218,1309,2527,FALSE,1218,45,-1173
2010546,4,8,9,17,FALSE,8,0,-8
2010546,8,5,2,7,TRUE,1,2,1
2010547,4,382,1147,1529,FALSE,382,382,0
2010547,8,436,1077,1513,FALSE,436,320,-116
2010548,4,521,808,1329,FALSE,521,143,-378
2010548,8,680,618,1298,TRUE,30,618,588
2010549,4,1021,290,1311,TRUE,365,290,-75
2010549,8,1312,222,1534,TRUE,544,222,-322
2010550,4,879,1513,2392,FALSE,879,316,-563
2010550,8,1231,1163,2394,TRUE,33,1163,1130
2010551,4,142,486,628,FALSE,142,171,29
2010551,8,475,1271,1746,FALSE,475,397,-78
2010552,4,396,2079,2475,FALSE,396,841,445
2010552,8,448,2128,2576,FALSE,448,839,391
2010553,4,866,1161,2027,FALSE,866,147,-719
2010553,8,1219,1051,2270,TRUE,83,1051,968
2010554,4,817,272,1089,TRUE,272,272,0
2010554,8,751,197,948,TRUE,276,197,-79
2010555,4,814,243,1057,TRUE,285,243,-42
2010555,8,913,176,1089,TRUE,368,176,-192
2010556,4,846,365,1211,TRUE,240,365,125
2010556,8,1008,317,1325,TRUE,345,317,-28
2010557,4,1151,890,2041,TRUE,130,890,760
2010557,8,1425,736,2161,TRUE,344,736,392
2010558,4,1188,938,2126,TRUE,124,938,814
2010558,8,1568,810,2378,TRUE,378,810,432
2010559,4,1342,1100,2442,TRUE,120,1100,980
2010559,8,2092,919,3011,TRUE,586,919,333
2010560,4,351,138,489,TRUE,106,138,32
2010560,8,339,113,452,TRUE,112,113,1
2010561,4,764,871,1635,FALSE,764,53,-711
2010561,8,687,848,1535,FALSE,687,80,-607
2010562,4,244,49,293,TRUE,97,49,-48
2010562,8,275,46,321,TRUE,114,46,-68
2010563,4,455,1767,2222,FALSE,455,655,200
2010563,8,523,1676,2199,FALSE,523,576,53
2010564,4,1370,706,2076,TRUE,331,706,375
2010564,8,1657,617,2274,TRUE,519,617,98
2010565,4,1081,330,1411,TRUE,375,330,-45
2010565,8,1309,255,1564,TRUE,526,255,-271
2010566,4,1116,550,1666,TRUE,282,550,268
2010566,8,1334,432,1766,TRUE,450,432,-18
2010567,4,791,452,1243,TRUE,169,452,283
2010567,8,809,346,1155,TRUE,231,346,115
2010568,4,864,1691,2555,FALSE,864,413,-451
2010568,8,922,1609,2531,FALSE,922,343,-579
2010569,4,752,1115,1867,FALSE,752,181,-571
2010569,8,973,1167,2140,FALSE,973,96,-877
2010570,4,502,590,1092,FALSE,502,43,-459
2010570,8,572,473,1045,TRUE,49,473,424
2010571,4,345,274,619,TRUE,35,274,239
2010571,8,317,208,525,TRUE,54,208,154
2010572,4,724,1035,1759,FALSE,724,155,-569
2010572,8,957,939,1896,TRUE,8,939,931
2010573,4,792,43,835,TRUE,374,43,-331
2010573,8,889,13,902,TRUE,437,13,-424
2010574,4,128,32,160,TRUE,47,32,-15
2010574,8,125,33,158,TRUE,45,33,-12
2010575,4,7,29,36,FALSE,7,10,3
2010575,8,8,42,50,FALSE,8,16,8
2010576,4,1318,79,1397,TRUE,619,79,-540
2010576,8,1561,26,1587,TRUE,767,26,-741
2010577,4,116,207,323,FALSE,116,45,-71
2010577,8,126,201,327,FALSE,126,37,-89
2010578,4,594,1074,1668,FALSE,594,239,-355
2010578,8,581,1022,1603,FALSE,581,220,-361
2010579,4,385,267,652,TRUE,58,267,209
2010579,8,551,216,767,TRUE,167,216,49
2010580,4,586,20,606,TRUE,282,20,-262
2010580,8,612,5,617,TRUE,303,5,-298
2010581,4,641,44,685,TRUE,298,44,-254
2010581,8,650,17,667,TRUE,316,17,-299
2010582,4,741,43,784,TRUE,348,43,-305
2010582,8,872,43,915,TRUE,414,43,-371
2010583,4,684,29,713,TRUE,327,29,-298
2010583,8,733,12,745,TRUE,360,12,-348
2010584,4,467,47,514,TRUE,209,47,-162
2010584,8,535,37,572,TRUE,248,37,-211
2010585,4,1009,94,1103,TRUE,457,94,-363
2010585,8,1165,49,1214,TRUE,557,49,-508
2010586,4,818,1710,2528,FALSE,818,445,-373
2010586,8,1029,1585,2614,FALSE,1029,277,-752
2010587,4,340,487,827,FALSE,340,73,-267
2010587,8,636,483,1119,TRUE,76,483,407
2010588,4,479,1644,2123,FALSE,479,582,103
2010588,8,571,1646,2217,FALSE,571,537,-34
2010589,4,532,1036,1568,FALSE,532,251,-281
2010589,8,751,915,1666,FALSE,751,81,-670
2010590,4,313,1368,1681,FALSE,313,527,214
2010590,8,351,1307,1658,FALSE,351,477,126
2010591,4,509,351,860,TRUE,78,351,273
2010591,8,551,316,867,TRUE,117,316,199
2010592,4,280,188,468,TRUE,45,188,143
2010592,8,443,207,650,TRUE,117,207,90
2010593,4,772,1138,1910,FALSE,772,182,-590
2010593,8,1023,1013,2036,TRUE,4,1013,1009
2010594,4,803,615,1418,TRUE,93,615,522
2010594,8,1051,505,1556,TRUE,272,505,233
2010595,4,502,237,739,TRUE,132,237,105
2010595,8,733,171,904,TRUE,280,171,-109
2010596,4,514,986,1500,FALSE,514,235,-279
2010596,8,742,903,1645,FALSE,742,80,-662
2010597,4,440,526,966,FALSE,440,42,-398
2010597,8,877,614,1491,TRUE,131,614,483
2010598,4,76,363,439,FALSE,76,143,67
2010598,8,89,337,426,FALSE,89,123,34
2010599,4,676,936,1612,FALSE,676,129,-547
2010599,8,1855,1049,2904,TRUE,402,1049,647
2010600,4,1103,952,2055,TRUE,75,952,877
2010600,8,1382,840,2222,TRUE,270,840,570
2010601,4,594,2188,2782,FALSE,594,796,202
2010601,8,745,2196,2941,FALSE,745,725,-20
2010602,4,155,431,586,FALSE,155,137,-18
2010602,8,239,551,790,FALSE,239,155,-84
2010603,4,529,1418,1947,FALSE,529,444,-85
2010603,8,798,1391,2189,FALSE,798,296,-502
2010604,4,376,1360,1736,FALSE,376,491,115
2010604,8,365,1556,1921,FALSE,365,595,230
2010605,4,1640,871,2511,TRUE,384,871,487
2010605,8,2297,745,3042,TRUE,775,745,-30
2010606,4,498,20,518,TRUE,238,20,-218
2010606,8,576,15,591,TRUE,280,15,-265
2010607,4,315,58,373,TRUE,128,58,-70
2010607,8,341,43,384,TRUE,148,43,-105
2010608,4,217,361,578,FALSE,217,71,-146
2010608,8,266,263,529,TRUE,1,263,262
2010609,4,575,1473,2048,FALSE,575,448,-127
2010609,8,749,1452,2201,FALSE,749,351,-398
2010610,4,374,495,869,FALSE,374,60,-314
2010610,8,439,439,878,FALSE,439,-1,-440
2010611,4,1254,71,1325,TRUE,591,71,-520
2010611,8,1463,29,1492,TRUE,716,29,-687
2010612,4,532,1964,2496,FALSE,532,715,183
2010612,8,579,1756,2335,FALSE,579,588,9
2010613,4,778,484,1262,TRUE,146,484,338
2010613,8,1058,391,1449,TRUE,333,391,58
2010614,4,1261,1150,2411,TRUE,55,1150,1095
2010614,8,1554,886,2440,TRUE,333,886,553
2010615,4,466,1049,1515,FALSE,466,291,-175
2010615,8,568,833,1401,FALSE,568,132,-436
2010616,4,593,1752,2345,FALSE,593,579,-14
2010616,8,747,1627,2374,FALSE,747,439,-308
2010617,4,784,1343,2127,FALSE,784,279,-505
2010617,8,1969,1372,3341,TRUE,298,1372,1074
2010618,4,752,1357,2109,FALSE,752,302,-450
2010618,8,1345,1306,2651,TRUE,19,1306,1287
2010619,4,683,2352,3035,FALSE,683,834,151
2010619,8,820,2211,3031,FALSE,820,695,-125
2010620,4,942,1148,2090,FALSE,942,102,-840
2010620,8,1587,1318,2905,TRUE,134,1318,1184
2010621,4,374,652,1026,FALSE,374,138,-236
2010621,8,300,328,628,FALSE,300,13,-287
2010622,4,954,1869,2823,FALSE,954,457,-497
2010622,8,1157,1762,2919,FALSE,1157,302,-855
2010623,4,595,1601,2196,FALSE,595,502,-93
2010623,8,805,1522,2327,FALSE,805,358,-447
2010624,4,3,1,4,TRUE,0,1,1
2010624,8,1,3,4,FALSE,1,0,-1
2010625,4,467,839,1306,FALSE,467,185,-282
2010625,8,537,771,1308,FALSE,537,116,-421
2010626,4,748,1057,1805,FALSE,748,154,-594
2010626,8,971,906,1877,TRUE,32,906,874
2010627,4,911,635,1546,TRUE,137,635,498
2010627,8,960,534,1494,TRUE,212,534,322
2010628,4,431,437,868,FALSE,431,2,-429
2010628,8,401,372,773,TRUE,14,372,358
2010629,4,165,39,204,TRUE,62,39,-23
2010629,8,267,20,287,TRUE,123,20,-103
2010630,4,437,66,503,TRUE,185,66,-119
2010630,8,1655,153,1808,TRUE,750,153,-597
2010631,4,386,1418,1804,FALSE,386,515,129
2010631,8,531,1340,1871,FALSE,531,404,-127
2010632,4,5,1,6,TRUE,1,1,0
2010632,8,10,4,14,TRUE,2,4,2
2010633,4,538,1955,2493,FALSE,538,708,170
2010633,8,661,1786,2447,FALSE,661,562,-99
2010634,4,595,1444,2039,FALSE,595,424,-171
2010634,8,835,1323,2158,FALSE,835,243,-592
2010635,4,535,1719,2254,FALSE,535,591,56
2010635,8,552,1537,2089,FALSE,552,492,-60
2010636,4,348,1500,1848,FALSE,348,575,227
2010636,8,361,1996,2357,FALSE,361,817,456
2010637,4,824,376,1200,TRUE,223,376,153
2010637,8,869,374,1243,TRUE,247,374,127
2010638,4,1459,210,1669,TRUE,624,210,-414
2010638,8,1940,132,2072,TRUE,903,132,-771
2010639,4,303,1285,1588,FALSE,303,490,187
2010639,8,330,1233,1563,FALSE,330,451,121
2010640,4,672,1580,2252,FALSE,672,453,-219
2010640,8,892,1504,2396,FALSE,892,305,-587
2010641,4,477,1368,1845,FALSE,477,445,-32
2010641,8,625,1338,1963,FALSE,625,356,-269
2010642,4,592,2118,2710,FALSE,592,762,170
2010642,8,747,2077,2824,FALSE,747,664,-83
2010643,4,747,1133,1880,FALSE,747,192,-555
2010643,8,1307,1113,2420,TRUE,96,1113,1017
2010644,4,702,1900,2602,FALSE,702,598,-104
2010644,8,1217,2106,3323,FALSE,1217,444,-773
2010645,4,994,1329,2323,FALSE,994,167,-827
2010645,8,1372,1128,2500,TRUE,121,1128,1007
2010646,4,649,505,1154,TRUE,71,505,434
2010646,8,839,442,1281,TRUE,198,442,244
2010647,4,1266,770,2036,TRUE,247,770,523
2010647,8,1817,871,2688,TRUE,472,871,399
2010648,4,501,1452,1953,FALSE,501,475,-26
2010648,8,668,1493,2161,FALSE,668,412,-256
2010649,4,1362,1162,2524,TRUE,99,1162,1063
2010649,8,1518,846,2364,TRUE,335,846,511
2010650,4,380,1413,1793,FALSE,380,516,136
2010650,8,540,1575,2115,FALSE,540,517,-23
2010651,4,848,2047,2895,FALSE,848,599,-249
2010651,8,1137,2010,3147,FALSE,1137,436,-701
2010652,4,932,321,1253,TRUE,305,321,16
2010652,8,1329,317,1646,TRUE,505,317,-188
2010653,4,6,0,6,TRUE,2,0,-2
2010653,8,2,0,2,TRUE,0,0,0
2010654,4,1182,1924,3106,FALSE,1182,370,-812
2010654,8,1580,1927,3507,FALSE,1580,173,-1407
2010655,4,1032,2045,3077,FALSE,1032,506,-526
2010655,8,1517,2281,3798,FALSE,1517,381,-1136
2010656,4,1489,81,1570,TRUE,703,81,-622
2010656,8,1604,61,1665,TRUE,771,61,-710
2010657,4,417,310,727,TRUE,53,310,257
2010657,8,778,256,1034,TRUE,260,256,-4
2010658,4,585,1326,1911,FALSE,585,370,-215
2010658,8,666,1183,1849,FALSE,666,258,-408
2010659,4,645,2153,2798,FALSE,645,753,108
2010659,8,906,2232,3138,FALSE,906,662,-244
2010660,4,2090,497,2587,TRUE,796,497,-299
2010660,8,2953,336,3289,TRUE,1308,336,-972
2010661,4,718,1435,2153,FALSE,718,358,-360
2010661,8,974,1420,2394,FALSE,974,222,-752
2010662,4,649,2660,3309,FALSE,649,1005,356
2010662,8,688,2739,3427,FALSE,688,1025,337
2010663,4,901,1272,2173,FALSE,901,185,-716
2010663,8,994,1251,2245,FALSE,994,128,-866
2010664,4,786,445,1231,TRUE,170,445,275
2010664,8,895,375,1270,TRUE,259,375,116
2010665,4,298,1045,1343,FALSE,298,373,75
2010665,8,251,1045,1296,FALSE,251,396,145
2010666,4,0,0,0,FALSE,0,-1,-1
2010666,8,0,0,0,FALSE,0,-1,-1
2010667,4,371,1262,1633,FALSE,371,445,74
2010667,8,401,1178,1579,FALSE,401,388,-13
2010668,4,327,865,1192,FALSE,327,268,-59
2010668,8,512,913,1425,FALSE,512,200,-312
2010669,4,520,1829,2349,FALSE,520,654,134
2010669,8,650,1728,2378,FALSE,650,538,-112
2010670,4,428,1845,2273,FALSE,428,708,280
2010670,8,489,1753,2242,FALSE,489,631,142
2010671,4,611,1200,1811,FALSE,611,294,-317
2010671,8,755,1152,1907,FALSE,755,198,-557
2010672,4,453,1809,2262,FALSE,453,677,224
2010672,8,850,1662,2512,FALSE,850,405,-445
2010673,4,519,1646,2165,FALSE,519,563,44
2010673,8,441,1648,2089,FALSE,441,603,162
2010674,4,611,2128,2739,FALSE,611,758,147
2010674,8,756,2059,2815,FALSE,756,651,-105
2010675,4,0,0,0,FALSE,0,-1,-1
2010675,8,0,0,0,FALSE,0,-1,-1
2010676,4,1,0,1,TRUE,0,0,0
2010676,8,1,1,2,FALSE,1,-1,-2
2010677,4,245,184,429,TRUE,30,184,154
2010677,8,255,148,403,TRUE,53,148,95
2010678,4,157,304,461,FALSE,157,73,-84
2010678,8,176,281,457,FALSE,176,52,-124
2010679,4,450,1413,1863,FALSE,450,481,31
2010679,8,569,1610,2179,FALSE,569,520,-49
2010680,4,43,50,93,FALSE,43,3,-40
2010680,8,55,55,110,FALSE,55,-1,-56
2010681,4,2,1,3,TRUE,0,1,1
2010681,8,2,1,3,TRUE,0,1,1
2010682,4,654,1901,2555,FALSE,654,623,-31
2010682,8,722,1877,2599,FALSE,722,577,-145
2010683,4,42,57,99,FALSE,42,7,-35
2010683,8,58,46,104,TRUE,5,46,41
2010684,4,0,1,1,FALSE,0,0,0
2010684,8,34,30,64,TRUE,1,30,29
2010685,4,68,100,168,FALSE,68,15,-53
2010685,8,125,95,220,TRUE,14,95,81
2010686,4,65,24,89,TRUE,20,24,4
2010686,8,62,19,81,TRUE,21,19,-2
2010687,4,471,1231,1702,FALSE,471,379,-92
2010687,8,566,1217,1783,FALSE,566,325,-241
2010688,4,660,2753,3413,FALSE,660,1046,386
2010688,8,512,1764,2276,FALSE,512,625,113
2010689,4,476,686,1162,FALSE,476,104,-372
2010689,8,575,686,1261,FALSE,575,55,-520
2010690,4,327,1528,1855,FALSE,327,600,273
2010690,8,687,2418,3105,FALSE,687,865,178
2010691,4,2,5,7,FALSE,2,1,-1
2010691,8,6,2,8,TRUE,1,2,1
2010692,4,477,1233,1710,FALSE,477,377,-100
2010692,8,518,1182,1700,FALSE,518,331,-187
2010693,4,298,121,419,TRUE,88,121,33
2010693,8,346,112,458,TRUE,116,112,-4
2010694,4,180,385,565,FALSE,180,102,-78
2010694,8,176,367,543,FALSE,176,95,-81
2010695,4,294,549,843,FALSE,294,127,-167
2010695,8,285,528,813,FALSE,285,121,-164
2010696,4,442,743,1185,FALSE,442,150,-292
2010696,8,375,619,994,FALSE,375,121,-254
2010697,4,1309,689,1998,TRUE,309,689,380
2010697,8,1715,533,2248,TRUE,590,533,-57
2010698,4,1157,279,1436,TRUE,438,279,-159
2010698,8,1552,210,1762,TRUE,670,210,-460
2010699,4,516,1054,1570,FALSE,516,268,-248
2010699,8,573,1019,1592,FALSE,573,222,-351
2010700,4,195,659,854,FALSE,195,231,36
2010700,8,176,687,863,FALSE,176,255,79
2010701,4,103,147,250,FALSE,103,21,-82
2010701,8,119,145,264,FALSE,119,12,-107
2010702,4,213,65,278,TRUE,73,65,-8
2010702,8,236,44,280,TRUE,95,44,-51
2010703,4,385,1044,1429,FALSE,385,329,-56
2010703,8,425,977,1402,FALSE,425,275,-150
2010704,4,292,1190,1482,FALSE,292,448,156
2010704,8,368,1426,1794,FALSE,368,528,160
2010705,4,430,122,552,TRUE,153,122,-31
2010705,8,643,95,738,TRUE,273,95,-178
2010706,4,150,223,373,FALSE,150,36,-114
2010706,8,169,176,345,FALSE,169,3,-166
2010707,4,163,217,380,FALSE,163,26,-137
2010707,8,165,240,405,FALSE,165,37,-128
2010708,4,118,129,247,FALSE,118,5,-113
2010708,8,85,99,184,FALSE,85,6,-79
2010709,4,429,1052,1481,FALSE,429,311,-118
2010709,8,1595,2315,3910,FALSE,1595,359,-1236
2010710,4,494,654,1148,FALSE,494,79,-415
2010710,8,615,812,1427,FALSE,615,98,-517
2010711,4,567,1214,1781,FALSE,567,323,-244
2010711,8,883,1337,2220,FALSE,883,226,-657
2010712,4,378,616,994,FALSE,378,118,-260
2010712,8,1101,798,1899,TRUE,151,798,647
2010713,4,341,650,991,FALSE,341,154,-187
2010713,8,524,621,1145,FALSE,524,48,-476
2010714,4,48,75,123,FALSE,48,13,-35
2010714,8,41,65,106,FALSE,41,11,-30
2010715,4,278,499,777,FALSE,278,110,-168
2010715,8,351,459,810,FALSE,351,53,-298
2010716,4,510,1182,1692,FALSE,510,335,-175
2010716,8,518,1090,1608,FALSE,518,285,-233
2010717,4,877,288,1165,TRUE,294,288,-6
2010717,8,1029,187,1216,TRUE,420,187,-233
2010718,4,848,1921,2769,FALSE,848,536,-312
2010718,8,964,1881,2845,FALSE,964,458,-506
2010719,4,356,578,934,FALSE,356,110,-246
2010719,8,345,490,835,FALSE,345,72,-273
2010720,4,396,1484,1880,FALSE,396,543,147
2010720,8,665,1649,2314,FALSE,665,491,-174
2010721,4,648,1375,2023,FALSE,648,363,-285
2010721,8,694,1364,2058,FALSE,694,334,-360
2010722,4,1772,255,2027,TRUE,758,255,-503
2010722,8,2386,228,2614,TRUE,1078,228,-850
2010723,4,647,375,1022,TRUE,135,375,240
2010723,8,820,296,1116,TRUE,261,296,35
2010724,4,128,364,492,FALSE,128,117,-11
2010724,8,184,337,521,FALSE,184,76,-108
2010725,4,663,734,1397,FALSE,663,35,-628
2010725,8,719,595,1314,TRUE,61,595,534
2010726,4,180,1203,1383,FALSE,180,511,331
2010726,8,225,1266,1491,FALSE,225,520,295
2010727,4,787,523,1310,TRUE,131,523,392
2010727,8,1013,393,1406,TRUE,309,393,84
2010728,4,253,382,635,FALSE,253,64,-189
2010728,8,259,322,581,FALSE,259,31,-228
2010729,4,96,234,330,FALSE,96,68,-28
2010729,8,120,192,312,FALSE,120,35,-85
2010730,4,417,801,1218,FALSE,417,191,-226
2010730,8,357,745,1102,FALSE,357,193,-164
2010731,4,171,51,222,TRUE,59,51,-8
2010731,8,167,41,208,TRUE,62,41,-21
2010732,4,514,925,1439,FALSE,514,205,-309
2010732,8,524,811,1335,FALSE,524,143,-381
2010733,4,35,49,84,FALSE,35,6,-29
2010733,8,35,33,68,TRUE,0,33,33
2010734,4,399,1588,1987,FALSE,399,594,195
2010734,8,1105,2366,3471,FALSE,1105,630,-475
2010735,4,1,10,11,FALSE,1,4,3
2010735,8,3,16,19,FALSE,3,6,3
2010736,4,3,1,4,TRUE,0,1,1
2010736,8,4,2,6,TRUE,0,2,2
2010737,4,15,28,43,FALSE,15,6,-9
2010737,8,4,26,30,FALSE,4,10,6
2010738,4,199,122,321,TRUE,38,122,84
2010738,8,452,97,549,TRUE,177,97,-80
2010739,4,697,864,1561,FALSE,697,83,-614
2010739,8,894,713,1607,TRUE,90,713,623
2010740,4,145,256,401,FALSE,145,55,-90
2010740,8,154,248,402,FALSE,154,46,-108
2010741,4,0,0,0,FALSE,0,-1,-1
2010741,8,0,0,0,FALSE,0,-1,-1
2010742,4,0,0,0,FALSE,0,-1,-1
2010742,8,0,0,0,FALSE,0,-1,-1
2010743,4,13,12,25,TRUE,0,12,12
2010743,8,25,29,54,FALSE,25,1,-24
2010744,4,485,978,1463,FALSE,485,246,-239
2010744,8,510,879,1389,FALSE,510,184,-326
2010745,4,589,1164,1753,FALSE,589,287,-302
2010745,8,636,1055,1691,FALSE,636,209,-427
2010746,4,189,236,425,FALSE,189,23,-166
2010746,8,219,196,415,TRUE,11,196,185
2010747,4,616,989,1605,FALSE,616,186,-430
2010747,8,950,951,1901,FALSE,950,0,-950
2010748,4,352,489,841,FALSE,352,68,-284
2010748,8,420,406,826,TRUE,6,406,400
2010749,4,109,47,156,TRUE,30,47,17
2010749,8,150,44,194,TRUE,52,44,-8
2010750,4,266,406,672,FALSE,266,69,-197
2010750,8,275,325,600,FALSE,275,24,-251
2010751,4,540,1638,2178,FALSE,540,548,8
2010751,8,630,1569,2199,FALSE,630,469,-161
2010752,4,282,785,1067,FALSE,282,251,-31
2010752,8,283,706,989,FALSE,283,211,-72
2010753,4,50,134,184,FALSE,50,41,-9
2010753,8,56,128,184,FALSE,56,35,-21
2010754,4,3,0,3,TRUE,1,0,-1
2010754,8,0,0,0,FALSE,0,-1,-1
2010755,4,700,676,1376,TRUE,11,676,665
2010755,8,996,666,1662,TRUE,164,666,502
2010756,4,601,610,1211,FALSE,601,4,-597
2010756,8,733,459,1192,TRUE,136,459,323
2010757,4,935,579,1514,TRUE,177,579,402
2010757,8,2165,418,2583,TRUE,873,418,-455
2010758,4,353,1738,2091,FALSE,353,692,339
2010758,8,550,1893,2443,FALSE,550,671,121
2010759,4,430,1072,1502,FALSE,430,320,-110
2010759,8,615,1058,1673,FALSE,615,221,-394
2010760,4,444,2119,2563,FALSE,444,837,393
2010760,8,550,2325,2875,FALSE,550,887,337
2010761,4,295,786,1081,FALSE,295,245,-50
2010761,8,323,755,1078,FALSE,323,215,-108
2010762,4,2,2,4,FALSE,2,-1,-3
2010762,8,4,3,7,TRUE,0,3,3
2010763,4,298,285,583,TRUE,6,285,279
2010763,8,314,211,525,TRUE,51,211,160
2010764,4,1035,2185,3220,FALSE,1035,574,-461
2010764,8,1741,2739,4480,FALSE,1741,498,-1243
2010765,4,985,934,1919,TRUE,25,934,909
2010765,8,1295,853,2148,TRUE,220,853,633
2010766,4,131,70,201,TRUE,30,70,40
2010766,8,139,52,191,TRUE,43,52,9
2010767,4,11,34,45,FALSE,11,11,0
2010767,8,7,29,36,FALSE,7,10,3
2010768,4,429,2039,2468,FALSE,429,804,375
2010768,8,819,2800,3619,FALSE,819,990,171
2010769,4,0,0,0,FALSE,0,-1,-1
2010769,8,67,8,75,TRUE,29,8,-21
2010770,4,30,51,81,FALSE,30,10,-20
2010770,8,44,37,81,TRUE,3,37,34
2010771,4,539,907,1446,FALSE,539,183,-356
2010771,8,664,701,1365,FALSE,664,18,-646
2010772,4,823,2928,3751,FALSE,823,1052,229
2010772,8,1088,2936,4024,FALSE,1088,923,-165
2010773,4,684,371,1055,TRUE,156,371,215
2010773,8,959,488,1447,TRUE,235,488,253
2010774,4,0,0,0,FALSE,0,-1,-1
2010774,8,90,8,98,TRUE,40,8,-32
2010775,4,43,3,46,TRUE,19,3,-16
2010775,8,34,0,34,TRUE,16,0,-16
2010776,4,613,1305,1918,FALSE,613,345,-268
2010776,8,1146,1267,2413,FALSE,1146,60,-1086
2010777,4,165,118,283,TRUE,23,118,95
2010777,8,148,63,211,TRUE,42,63,21
2010778,4,2,0,2,TRUE,0,0,0
2010778,8,2,1,3,TRUE,0,1,1
2010779,4,262,269,531,FALSE,262,3,-259
2010779,8,249,209,458,TRUE,19,209,190
2010780,4,102,140,242,FALSE,102,18,-84
2010780,8,112,136,248,FALSE,112,11,-101
2010781,4,801,1111,1912,FALSE,801,154,-647
2010781,8,1026,907,1933,TRUE,59,907,848
2010782,4,492,923,1415,FALSE,492,215,-277
2010782,8,545,815,1360,FALSE,545,134,-411
2010783,4,53,92,145,FALSE,53,19,-34
2010783,8,53,71,124,FALSE,53,8,-45
2010784,4,559,25,584,TRUE,266,25,-241
2010784,8,590,6,596,TRUE,291,6,-285
2010785,4,22,32,54,FALSE,22,4,-18
2010785,8,61,73,134,FALSE,61,5,-56
2010786,4,286,229,515,TRUE,28,229,201
2010786,8,284,185,469,TRUE,49,185,136
2010787,4,112,116,228,FALSE,112,1,-111
2010787,8,102,82,184,TRUE,9,82,73
2010788,4,194,107,301,TRUE,43,107,64
2010788,8,149,72,221,TRUE,38,72,34
2010789,4,2,4,6,FALSE,2,0,-2
2010789,8,17,6,23,TRUE,5,6,1
2010790,4,0,0,0,FALSE,0,-1,-1
2010790,8,2,1,3,TRUE,0,1,1
2010791,4,0,0,0,FALSE,0,-1,-1
2010791,8,0,2,2,FALSE,0,0,0
2010792,4,606,321,927,TRUE,142,321,179
2010792,8,681,268,949,TRUE,206,268,62
2010793,4,507,881,1388,FALSE,507,186,-321
2010793,8,499,791,1290,FALSE,499,145,-354
2010794,4,750,159,909,TRUE,295,159,-136
2010794,8,1018,87,1105,TRUE,465,87,-378
2010795,4,315,273,588,TRUE,20,273,253
2010795,8,362,229,591,TRUE,66,229,163
2010796,4,104,160,264,FALSE,104,27,-77
2010796,8,92,133,225,FALSE,92,20,-72
2010797,4,3,1,4,TRUE,0,1,1
2010797,8,1,0,1,TRUE,0,0,0
2010798,4,164,171,335,FALSE,164,3,-161
2010798,8,181,154,335,TRUE,13,154,141
2010799,4,40,14,54,TRUE,12,14,2
2010799,8,68,12,80,TRUE,27,12,-15
2010800,4,590,1455,2045,FALSE,590,432,-158
2010800,8,702,1383,2085,FALSE,702,340,-362
2010801,4,214,154,368,TRUE,29,154,125
2010801,8,247,124,371,TRUE,61,124,63
2010802,4,175,50,225,TRUE,62,50,-12
2010802,8,149,53,202,TRUE,47,53,6
2010803,4,315,1158,1473,FALSE,315,421,106
2010803,8,501,1387,1888,FALSE,501,442,-59
2010804,4,650,1332,1982,FALSE,650,340,-310
2010804,8,1010,1558,2568,FALSE,1010,273,-737
2010805,4,398,1788,2186,FALSE,398,694,296
2010805,8,471,1695,2166,FALSE,471,611,140
2010806,4,0,0,0,FALSE,0,-1,-1
2010806,8,0,0,0,FALSE,0,-1,-1
2010807,4,713,326,1039,TRUE,193,326,133
2010807,8,1018,222,1240,TRUE,397,222,-175
2010808,4,6,9,15,FALSE,6,1,-5
2010808,8,8,4,12,TRUE,1,4,3
2010809,4,25,18,43,TRUE,3,18,15
2010809,8,21,20,41,TRUE,0,20,20
2010810,4,60,42,102,TRUE,8,42,34
2010810,8,51,33,84,TRUE,8,33,25
2010811,4,102,41,143,TRUE,30,41,11
2010811,8,98,36,134,TRUE,30,36,6
2010812,4,0,0,0,FALSE,0,-1,-1
2010812,8,0,0,0,FALSE,0,-1,-1
2010813,4,817,1372,2189,FALSE,817,277,-540
2010813,8,1561,1484,3045,TRUE,38,1484,1446
2010814,4,1102,810,1912,TRUE,145,810,665
2010814,8,1694,668,2362,TRUE,512,668,156
2010815,4,0,0,0,FALSE,0,-1,-1
2010815,8,0,0,0,FALSE,0,-1,-1
2010816,4,20,14,34,TRUE,2,14,12
2010816,8,19,7,26,TRUE,5,7,2
2010817,4,0,0,0,FALSE,0,-1,-1
2010817,8,0,0,0,FALSE,0,-1,-1
2010818,4,94,58,152,TRUE,17,58,41
2010818,8,140,59,199,TRUE,40,59,19
2010819,4,64,98,162,FALSE,64,16,-48
2010819,8,62,115,177,FALSE,62,26,-36
2010820,4,0,0,0,FALSE,0,-1,-1
2010820,8,2,0,2,TRUE,0,0,0
2010821,4,460,104,564,TRUE,177,104,-73
2010821,8,490,72,562,TRUE,208,72,-136
2010822,4,783,46,829,TRUE,368,46,-322
2010822,8,887,21,908,TRUE,432,21,-411
2010823,4,644,1356,2000,FALSE,644,355,-289
2010823,8,1190,1468,2658,FALSE,1190,138,-1052
2010824,4,972,545,1517,TRUE,213,545,332
2010824,8,1177,423,1600,TRUE,376,423,47
2010825,4,0,0,0,FALSE,0,-1,-1
2010825,8,0,0,0,FALSE,0,-1,-1
2010826,4,88,149,237,FALSE,88,30,-58
2010826,8,102,128,230,FALSE,102,12,-90
2010827,4,174,156,330,TRUE,8,156,148
2010827,8,186,123,309,TRUE,31,123,92
2010828,4,190,1024,1214,FALSE,190,416,226
2010828,8,276,1106,1382,FALSE,276,414,138
2010829,4,88,48,136,TRUE,19,48,29
2010829,8,89,27,116,TRUE,30,27,-3
2010830,4,3,0,3,TRUE,1,0,-1
2010830,8,2,1,3,TRUE,0,1,1
2010831,4,0,0,0,FALSE,0,-1,-1
2010831,8,0,0,0,FALSE,0,-1,-1
2010832,4,60,52,112,TRUE,3,52,49
2010832,8,109,55,164,TRUE,26,55,29
2010833,4,7,1,8,TRUE,2,1,-1
2010833,8,11,0,11,TRUE,5,0,-5
2010834,4,0,0,0,FALSE,0,-1,-1
2010834,8,1,0,1,TRUE,0,0,0
2010835,4,87,68,155,TRUE,9,68,59
2010835,8,113,41,154,TRUE,35,41,6
2010836,4,9,5,14,TRUE,1,5,4
2010836,8,8,2,10,TRUE,2,2,0
2010837,4,3,1,4,TRUE,0,1,1
2010837,8,0,1,1,FALSE,0,0,0
2010838,4,0,0,0,FALSE,0,-1,-1
2010838,8,0,0,0,FALSE,0,-1,-1
2010839,4,363,144,507,TRUE,109,144,35
2010839,8,519,123,642,TRUE,197,123,-74
2010840,4,447,456,903,FALSE,447,4,-443
2010840,8,601,352,953,TRUE,124,352,228
2010841,4,0,0,0,FALSE,0,-1,-1
2010841,8,0,0,0,FALSE,0,-1,-1
2010842,4,692,939,1631,FALSE,692,123,-569
2010842,8,934,829,1763,TRUE,52,829,777
2010843,4,0,0,0,FALSE,0,-1,-1
2010843,8,0,0,0,FALSE,0,-1,-1
2010844,4,4,0,4,TRUE,1,0,-1
2010844,8,4,1,5,TRUE,1,1,0
2010845,4,43,82,125,FALSE,43,19,-24
2010845,8,0,2,2,FALSE,0,0,0
2010846,4,133,13,146,TRUE,59,13,-46
2010846,8,132,10,142,TRUE,60,10,-50
2010847,4,198,197,395,TRUE,0,197,197
2010847,8,642,288,930,TRUE,176,288,112
2010848,4,730,587,1317,TRUE,71,587,516
2010848,8,862,434,1296,TRUE,213,434,221
2010849,4,1146,630,1776,TRUE,257,630,373
2010849,8,1278,523,1801,TRUE,377,523,146
2010850,4,58,56,114,TRUE,0,56,56
2010850,8,75,47,122,TRUE,13,47,34
2010851,4,484,1451,1935,FALSE,484,483,-1
2010851,8,862,1708,2570,FALSE,862,422,-440
2010852,4,11,1,12,TRUE,4,1,-3
2010852,8,6,2,8,TRUE,1,2,1
2010853,4,309,1551,1860,FALSE,309,620,311
2010853,8,457,1559,2016,FALSE,457,550,93
2010854,4,164,14,178,TRUE,74,14,-60
2010854,8,127,9,136,TRUE,58,9,-49
2010855,4,0,9,9,FALSE,0,4,4
2010855,8,1,1,2,FALSE,1,-1,-2
2010856,4,12,5,17,TRUE,3,5,2
2010856,8,0,0,0,FALSE,0,-1,-1
2010857,4,0,0,0,FALSE,0,-1,-1
2010857,8,0,0,0,FALSE,0,-1,-1
2010858,4,151,3,154,TRUE,73,3,-70
2010858,8,174,3,177,TRUE,85,3,-82
2010859,4,286,158,444,TRUE,63,158,95
2010859,8,355,149,504,TRUE,102,149,47
2010860,4,0,0,0,FALSE,0,-1,-1
2010860,8,0,0,0,FALSE,0,-1,-1
2010861,4,730,246,976,TRUE,241,246,5
2010861,8,853,203,1056,TRUE,324,203,-121
2010862,4,0,0,0,FALSE,0,-1,-1
2010862,8,0,0,0,FALSE,0,-1,-1
2010863,4,193,10,203,TRUE,91,10,-81
2010863,8,263,7,270,TRUE,127,7,-120
2010864,4,668,415,1083,TRUE,126,415,289
2010864,8,786,314,1100,TRUE,235,314,79
2010865,4,16,1,17,TRUE,7,1,-6
2010865,8,10,0,10,TRUE,4,0,-4
2010866,4,0,0,0,FALSE,0,-1,-1
2010866,8,0,0,0,FALSE,0,-1,-1
2010867,4,0,0,0,FALSE,0,-1,-1
2010867,8,0,0,0,FALSE,0,-1,-1
2010868,4,709,459,1168,TRUE,124,459,335
2010868,8,782,345,1127,TRUE,218,345,127
2010869,4,183,46,229,TRUE,68,46,-22
2010869,8,225,44,269,TRUE,90,44,-46
2010870,4,0,0,0,FALSE,0,-1,-1
2010870,8,1,0,1,TRUE,0,0,0
2010871,4,1,0,1,TRUE,0,0,0
2010871,8,1,0,1,TRUE,0,0,0
2010872,4,17,33,50,FALSE,17,7,-10
2010872,8,9,16,25,FALSE,9,3,-6
2010873,4,230,142,372,TRUE,43,142,99
2010873,8,291,101,392,TRUE,94,101,7
2010874,4,428,1718,2146,FALSE,428,644,216
2010874,8,516,1598,2114,FALSE,516,540,24
2010875,4,155,338,493,FALSE,155,91,-64
2010875,8,642,510,1152,TRUE,65,510,445
2010876,4,106,423,529,FALSE,106,158,52
2010876,8,415,1150,1565,FALSE,415,367,-48
2010877,4,349,592,941,FALSE,349,121,-228
2010877,8,691,521,1212,TRUE,84,521,437
2010878,4,237,1016,1253,FALSE,237,389,152
2010878,8,320,1085,1405,FALSE,320,382,62
2010879,4,598,1088,1686,FALSE,598,244,-354
2010879,8,1020,1031,2051,FALSE,1020,5,-1015
2010880,4,272,935,1207,FALSE,272,331,59
2010880,8,918,2450,3368,FALSE,918,765,-153
2010881,4,345,584,929,FALSE,345,119,-226
2010881,8,858,598,1456,TRUE,129,598,469
2010882,4,623,947,1570,FALSE,623,161,-462
2010882,8,1074,914,1988,TRUE,79,914,835
2010883,4,807,606,1413,TRUE,100,606,506
2010883,8,1540,505,2045,TRUE,517,505,-12
2010884,4,304,155,459,TRUE,74,155,81
2010884,8,572,178,750,TRUE,196,178,-18
2010885,4,28,59,87,FALSE,28,15,-13
2010885,8,45,72,117,FALSE,45,13,-32
2030001,4,658,1314,1972,FALSE,658,327,-331
2030001,8,566,1244,1810,FALSE,566,338,-228
2030002,4,939,681,1620,TRUE,128,681,553
2030002,8,930,550,1480,TRUE,189,550,361
2030003,4,1322,110,1432,TRUE,605,110,-495
2030003,8,1413,64,1477,TRUE,674,64,-610
2030004,4,725,857,1582,FALSE,725,65,-660
2030004,8,605,795,1400,FALSE,605,94,-511
2030005,4,383,477,860,FALSE,383,46,-337
2030005,8,314,469,783,FALSE,314,77,-237
2030006,4,289,550,839,FALSE,289,130,-159
2030006,8,271,611,882,FALSE,271,169,-102
2030007,4,218,295,513,FALSE,218,38,-180
2030007,8,202,354,556,FALSE,202,75,-127
2030008,4,562,1729,2291,FALSE,562,583,21
2030008,8,519,1601,2120,FALSE,519,540,21
2030009,4,256,354,610,FALSE,256,48,-208
2030009,8,240,435,675,FALSE,240,97,-143
2030010,4,154,482,636,FALSE,154,163,9
2030010,8,108,461,569,FALSE,108,176,68
2030011,4,151,158,309,FALSE,151,3,-148
2030011,8,110,146,256,FALSE,110,17,-93
2030012,4,410,1795,2205,FALSE,410,692,282
2030012,8,403,2029,2432,FALSE,403,812,409
2030013,4,176,952,1128,FALSE,176,387,211
2030013,8,162,1161,1323,FALSE,162,499,337
2030014,4,295,570,865,FALSE,295,137,-158
2030014,8,283,615,898,FALSE,283,165,-118
2030015,4,131,482,613,FALSE,131,175,44
2030015,8,80,569,649,FALSE,80,244,164
2030016,4,126,224,350,FALSE,126,48,-78
2030016,8,80,241,321,FALSE,80,80,0
2030017,4,479,436,915,TRUE,21,436,415
2030017,8,473,490,963,FALSE,473,8,-465
NA,4,105,312,417,FALSE,105,103,-2
NA,8,73,393,466,FALSE,73,159,86
NA,4,0,0,0,FALSE,0,-1,-1
NA,8,0,0,0,FALSE,0,-1,-1
2030019,4,385,1222,1607,FALSE,385,418,33
2030019,8,407,1341,1748,FALSE,407,466,59
2030020,4,556,1093,1649,FALSE,556,268,-288
2030020,8,447,1158,1605,FALSE,447,355,-92
2030021,4,221,233,454,FALSE,221,5,-216
2030021,8,193,263,456,FALSE,193,34,-159
2030022,4,662,362,1024,TRUE,149,362,213
2030022,8,635,321,956,TRUE,156,321,165
2030023,4,51,179,230,FALSE,51,63,12
2030023,8,35,223,258,FALSE,35,93,58
2030024,4,125,157,282,FALSE,125,15,-110
2030024,8,90,189,279,FALSE,90,49,-41
2030025,4,263,1449,1712,FALSE,263,592,329
2030025,8,248,1380,1628,FALSE,248,565,317
2050101,4,31,222,253,FALSE,31,95,64
2050101,8,38,209,247,FALSE,38,85,47
2050102,4,19,115,134,FALSE,19,47,28
2050102,8,12,129,141,FALSE,12,58,46
2050201,4,42,166,208,FALSE,42,61,19
2050201,8,31,170,201,FALSE,31,69,38
2050202,4,58,288,346,FALSE,58,114,56
2050202,8,37,294,331,FALSE,37,128,91
2050301,4,95,475,570,FALSE,95,189,94
2050301,8,71,436,507,FALSE,71,182,111
2050401,4,70,470,540,FALSE,70,199,129
2050401,8,61,473,534,FALSE,61,205,144
2070001,4,90,195,285,FALSE,90,52,-38
2070001,8,71,193,264,FALSE,71,60,-11
2070002,4,177,367,544,FALSE,177,94,-83
2070002,8,151,293,444,FALSE,151,70,-81
2070003,4,122,256,378,FALSE,122,66,-56
2070003,8,104,197,301,FALSE,104,46,-58
2070004,4,82,108,190,FALSE,82,12,-70
2070004,8,63,116,179,FALSE,63,26,-37
2070005,4,107,168,275,FALSE,107,30,-77
2070005,8,94,153,247,FALSE,94,29,-65
2070006,4,135,162,297,FALSE,135,13,-122
2070006,8,104,127,231,FALSE,104,11,-93
2070007,4,13,49,62,FALSE,13,17,4
2070007,8,9,51,60,FALSE,9,20,11
2070008,4,55,49,104,TRUE,2,49,47
2070008,8,42,58,100,FALSE,42,7,-35
2070009,4,43,121,164,FALSE,43,38,-5
2070009,8,37,119,156,FALSE,37,40,3
2070010,4,40,61,101,FALSE,40,10,-30
2070010,8,27,81,108,FALSE,27,26,-1
NA,4,316,384,700,FALSE,316,33,-283
NA,8,397,430,827,FALSE,397,16,-381
NA,4,0,0,0,FALSE,0,-1,-1
NA,8,0,0,0,FALSE,0,-1,-1
2090111,4,304,139,443,TRUE,82,139,57
2090111,8,354,125,479,TRUE,114,125,11
2090112,4,375,176,551,TRUE,99,176,77
2090112,8,365,132,497,TRUE,116,132,16
2090113,4,853,616,1469,TRUE,118,616,498
2090113,8,1220,700,1920,TRUE,259,700,441
2090114,4,459,301,760,TRUE,78,301,223
2090114,8,546,220,766,TRUE,162,220,58
2090116,4,396,376,772,TRUE,9,376,367
2090116,8,433,437,870,FALSE,433,1,-432
2090120,4,933,849,1782,TRUE,41,849,808
2090120,8,1394,843,2237,TRUE,275,843,568
2090127,4,485,613,1098,FALSE,485,63,-422
2090127,8,1194,1017,2211,TRUE,88,1017,929
2090221,4,351,528,879,FALSE,351,88,-263
2090221,8,871,940,1811,FALSE,871,34,-837
2090223,4,961,1097,2058,FALSE,961,67,-894
2090223,8,978,848,1826,TRUE,64,848,784
NA,4,603,797,1400,FALSE,603,96,-507
NA,8,1194,1248,2442,FALSE,1194,26,-1168
NA,4,0,0,0,FALSE,0,-1,-1
NA,8,0,0,0,FALSE,0,-1,-1
2090225,4,513,939,1452,FALSE,513,212,-301
2090225,8,659,929,1588,FALSE,659,134,-525
2090226,4,737,1238,1975,FALSE,737,250,-487
2090226,8,814,1053,1867,FALSE,814,119,-695
2090227,4,385,399,784,FALSE,385,6,-379
2090227,8,1175,937,2112,TRUE,118,937,819
2090228,4,326,281,607,TRUE,22,281,259
2090228,8,555,412,967,TRUE,71,412,341
2090229,4,618,510,1128,TRUE,53,510,457
2090229,8,545,373,918,TRUE,85,373,288
2090230,4,711,1277,1988,FALSE,711,282,-429
2090230,8,876,1310,2186,FALSE,876,216,-660
2090234,4,244,221,465,TRUE,11,221,210
2090234,8,295,218,513,TRUE,38,218,180
2090315,4,622,1367,1989,FALSE,622,372,-250
2090315,8,857,1304,2161,FALSE,857,223,-634
2090330,4,707,723,1430,FALSE,707,7,-700
2090330,8,1028,693,1721,TRUE,167,693,526
2090331,4,145,278,423,FALSE,145,66,-79
2090331,8,169,268,437,FALSE,169,49,-120
2090332,4,905,922,1827,FALSE,905,8,-897
2090332,8,896,651,1547,TRUE,122,651,529
2090333,4,615,1039,1654,FALSE,615,211,-404
2090333,8,556,864,1420,FALSE,556,153,-403
2090334,4,552,559,1111,FALSE,552,3,-549
2090334,8,1506,1025,2531,TRUE,240,1025,785
2090335,4,800,1435,2235,FALSE,800,317,-483
2090335,8,953,1390,2343,FALSE,953,218,-735
2090336,4,739,810,1549,FALSE,739,35,-704
2090336,8,965,859,1824,TRUE,52,859,807
2090337,4,933,1567,2500,FALSE,933,316,-617
2090337,8,1326,1874,3200,FALSE,1326,273,-1053
2090440,4,387,725,1112,FALSE,387,168,-219
2090440,8,434,688,1122,FALSE,434,126,-308
2090441,4,559,1083,1642,FALSE,559,261,-298
2090441,8,928,1350,2278,FALSE,928,210,-718
2090442,4,462,596,1058,FALSE,462,66,-396
2090442,8,571,715,1286,FALSE,571,71,-500
2090443,4,619,1188,1807,FALSE,619,284,-335
2090443,8,1437,2227,3664,FALSE,1437,394,-1043
2090444,4,739,1408,2147,FALSE,739,334,-405
2090444,8,825,1230,2055,FALSE,825,202,-623
2090446,4,471,407,878,TRUE,31,407,376
2090446,8,714,439,1153,TRUE,137,439,302
2090447,4,478,854,1332,FALSE,478,187,-291
2090447,8,536,775,1311,FALSE,536,119,-417
2090448,4,384,531,915,FALSE,384,73,-311
2090448,8,519,595,1114,FALSE,519,37,-482
2090449,4,391,749,1140,FALSE,391,178,-213
2090449,8,346,519,865,FALSE,346,86,-260
211001,4,879,1327,2206,FALSE,879,223,-656
211001,8,1034,1399,2433,FALSE,1034,182,-852
2110101,4,63,317,380,FALSE,63,126,63
2110101,8,59,304,363,FALSE,59,122,63
211013,4,874,847,1721,TRUE,13,847,834
211013,8,927,773,1700,TRUE,76,773,697
211014,4,611,849,1460,FALSE,611,118,-493
211014,8,1013,1182,2195,FALSE,1013,84,-929
2110201,4,49,280,329,FALSE,49,115,66
2110201,8,60,263,323,FALSE,60,101,41
2110202,4,12,18,30,FALSE,12,2,-10
2110202,8,2,13,15,FALSE,2,5,3
211021,4,474,716,1190,FALSE,474,120,-354
211021,8,638,714,1352,FALSE,638,37,-601
2110301,4,52,325,377,FALSE,52,136,84
2110301,8,32,328,360,FALSE,32,147,115
2110302,4,0,32,32,FALSE,0,15,15
2110302,8,4,34,38,FALSE,4,14,10
2110303,4,17,73,90,FALSE,17,27,10
2110303,8,13,76,89,FALSE,13,31,18
2110401,4,51,243,294,FALSE,51,95,44
2110401,8,36,232,268,FALSE,36,97,61
2110402,4,13,92,105,FALSE,13,39,26
2110402,8,10,95,105,FALSE,10,42,32
212003,4,631,736,1367,FALSE,631,52,-579
212003,8,673,758,1431,FALSE,673,42,-631
212004,4,327,576,903,FALSE,327,124,-203
212004,8,366,614,980,FALSE,366,123,-243
212007,4,154,247,401,FALSE,154,46,-108
212007,8,174,291,465,FALSE,174,58,-116
212011,4,221,547,768,FALSE,221,162,-59
212011,8,273,508,781,FALSE,273,117,-156
212012,4,335,556,891,FALSE,335,110,-225
212012,8,358,568,926,FALSE,358,104,-254
212016,4,196,307,503,FALSE,196,55,-141
212016,8,264,359,623,FALSE,264,47,-217
212017,4,34,59,93,FALSE,34,12,-22
212017,8,28,72,100,FALSE,28,21,-7
212018,4,385,597,982,FALSE,385,105,-280
212018,8,437,610,1047,FALSE,437,86,-351
2130002,4,34,40,74,FALSE,34,2,-32
2130002,8,47,66,113,FALSE,47,9,-38
2130003,4,645,324,969,TRUE,160,324,164
2130003,8,643,302,945,TRUE,170,302,132
2130004,4,277,1120,1397,FALSE,277,421,144
2130004,8,275,1016,1291,FALSE,275,370,95
NA,4,332,636,968,FALSE,332,151,-181
NA,8,278,694,972,FALSE,278,207,-71
NA,4,426,810,1236,FALSE,426,191,-235
NA,8,409,792,1201,FALSE,409,191,-218
NA,4,206,673,879,FALSE,206,233,27
NA,8,168,637,805,FALSE,168,234,66
NA,4,369,725,1094,FALSE,369,177,-192
NA,8,279,719,998,FALSE,279,219,-60
213002,4,286,909,1195,FALSE,286,311,25
213002,8,261,891,1152,FALSE,261,314,53
NA,4,308,1173,1481,FALSE,308,432,124
NA,8,276,1270,1546,FALSE,276,496,220
NA,4,512,1621,2133,FALSE,512,554,42
NA,8,486,1786,2272,FALSE,486,649,163
NA,4,234,643,877,FALSE,234,204,-30
NA,8,191,680,871,FALSE,191,244,53
NA,4,273,747,1020,FALSE,273,236,-37
NA,8,259,756,1015,FALSE,259,248,-11
NA,4,82,110,192,FALSE,82,13,-69
NA,8,97,112,209,FALSE,97,7,-90
NA,4,34,37,71,FALSE,34,1,-33
NA,8,42,55,97,FALSE,42,6,-36
NA,4,54,181,235,FALSE,54,63,9
NA,8,43,179,222,FALSE,43,67,24
NA,4,411,1044,1455,FALSE,411,316,-95
NA,8,380,972,1352,FALSE,380,295,-85
NA,4,114,454,568,FALSE,114,169,55
NA,8,138,497,635,FALSE,138,179,41
213005,4,697,911,1608,FALSE,697,106,-591
213005,8,948,998,1946,FALSE,948,24,-924
213009,4,168,314,482,FALSE,168,72,-96
213009,8,150,328,478,FALSE,150,88,-62
213010,4,310,564,874,FALSE,310,126,-184
213010,8,341,527,868,FALSE,341,92,-249
213019,4,651,970,1621,FALSE,651,159,-492
213019,8,774,910,1684,FALSE,774,67,-707
NA,4,111,326,437,FALSE,111,107,-4
NA,8,81,392,473,FALSE,81,155,74
NA,4,227,494,721,FALSE,227,133,-94
NA,8,260,452,712,FALSE,260,95,-165
NA,4,503,1098,1601,FALSE,503,297,-206
NA,8,451,1092,1543,FALSE,451,320,-131
213020,4,398,414,812,FALSE,398,7,-391
213020,8,496,379,875,TRUE,58,379,321
NA,4,807,1870,2677,FALSE,807,531,-276
NA,8,699,1901,2600,FALSE,699,600,-99
NA,4,274,657,931,FALSE,274,191,-83
NA,8,206,693,899,FALSE,206,243,37
NA,4,130,364,494,FALSE,130,116,-14
NA,8,122,361,483,FALSE,122,119,-3
NA,4,322,599,921,FALSE,322,138,-184
NA,8,280,603,883,FALSE,280,161,-119
NA,4,137,513,650,FALSE,137,187,50
NA,8,137,570,707,FALSE,137,216,79
NA,4,70,248,318,FALSE,70,88,18
NA,8,72,274,346,FALSE,72,100,28
NA,4,177,94,271,TRUE,41,94,53
NA,8,212,99,311,TRUE,56,99,43
NA,4,58,215,273,FALSE,58,78,20
NA,8,54,233,287,FALSE,54,89,35
NA,4,252,631,883,FALSE,252,189,-63
NA,8,261,769,1030,FALSE,261,253,-8
NA,4,447,1015,1462,FALSE,447,283,-164
NA,8,450,1149,1599,FALSE,450,349,-101
NA,4,384,811,1195,FALSE,384,213,-171
NA,8,356,845,1201,FALSE,356,244,-112
214002,4,754,860,1614,FALSE,754,52,-702
214002,8,934,872,1806,TRUE,30,872,842
NA,4,186,183,369,TRUE,1,183,182
NA,8,230,211,441,TRUE,9,211,202
NA,4,817,804,1621,TRUE,6,804,798
NA,8,990,909,1899,TRUE,40,909,869
214008,4,211,272,483,FALSE,211,30,-181
214008,8,200,258,458,FALSE,200,28,-172
214015,4,481,634,1115,FALSE,481,76,-405
214015,8,430,557,987,FALSE,430,63,-367
2150001,4,123,95,218,TRUE,13,95,82
2150001,8,124,49,173,TRUE,37,49,12
2150002,4,633,482,1115,TRUE,75,482,407
2150002,8,686,389,1075,TRUE,148,389,241
2150003,4,667,399,1066,TRUE,133,399,266
2150003,8,1303,252,1555,TRUE,525,252,-273
2150004,4,1295,837,2132,TRUE,228,837,609
2150004,8,1472,480,1952,TRUE,495,480,-15
2150005,4,480,276,756,TRUE,101,276,175
2150005,8,776,144,920,TRUE,315,144,-171
2150006,4,193,339,532,FALSE,193,72,-121
2150006,8,343,311,654,TRUE,15,311,296
2150007,4,757,737,1494,TRUE,9,737,728
2150007,8,864,667,1531,TRUE,98,667,569
2150008,4,351,607,958,FALSE,351,127,-224
2150008,8,505,577,1082,FALSE,505,35,-470
2150009,4,494,504,998,FALSE,494,4,-490
2150009,8,706,428,1134,TRUE,138,428,290
2150010,4,781,421,1202,TRUE,179,421,242
2150010,8,785,256,1041,TRUE,264,256,-8
2150011,4,799,278,1077,TRUE,260,278,18
2150011,8,1072,165,1237,TRUE,453,165,-288
2150012,4,200,115,315,TRUE,42,115,73
2150012,8,115,27,142,TRUE,43,27,-16
2150013,4,710,583,1293,TRUE,63,583,520
2150013,8,951,524,1475,TRUE,213,524,311
2150014,4,787,681,1468,TRUE,52,681,629
2150014,8,1058,575,1633,TRUE,241,575,334
2150015,4,153,67,220,TRUE,42,67,25
2150015,8,99,29,128,TRUE,34,29,-5
2150016,4,572,173,745,TRUE,199,173,-26
2150016,8,799,96,895,TRUE,351,96,-255
2150017,4,526,269,795,TRUE,128,269,141
2150017,8,719,154,873,TRUE,282,154,-128
2150018,4,171,135,306,TRUE,17,135,118
2150018,8,151,39,190,TRUE,55,39,-16
2150019,4,83,92,175,FALSE,83,4,-79
2150019,8,76,59,135,TRUE,8,59,51
2150020,4,633,326,959,TRUE,153,326,173
2150020,8,770,182,952,TRUE,293,182,-111
2150021,4,4,9,13,FALSE,4,2,-2
2150021,8,9,6,15,TRUE,1,6,5
2150022,4,381,259,640,TRUE,60,259,199
2150022,8,339,91,430,TRUE,123,91,-32
2150023,4,600,382,982,TRUE,108,382,274
2150023,8,1154,352,1506,TRUE,400,352,-48
2150024,4,49,69,118,FALSE,49,9,-40
2150024,8,26,45,71,FALSE,26,9,-17
2150025,4,428,426,854,TRUE,0,426,426
2150025,8,555,397,952,TRUE,78,397,319
2150026,4,359,174,533,TRUE,92,174,82
2150026,8,369,96,465,TRUE,136,96,-40
2150027,4,327,128,455,TRUE,99,128,29
2150027,8,382,77,459,TRUE,152,77,-75
2150028,4,377,264,641,TRUE,56,264,208
2150028,8,453,232,685,TRUE,110,232,122
2150029,4,410,353,763,TRUE,28,353,325
2150029,8,548,332,880,TRUE,107,332,225
2150030,4,435,309,744,TRUE,62,309,247
2150030,8,682,217,899,TRUE,232,217,-15
2150031,4,342,309,651,TRUE,16,309,293
2150031,8,461,151,612,TRUE,154,151,-3
2150032,4,523,483,1006,TRUE,19,483,464
2150032,8,680,271,951,TRUE,204,271,67
2150033,4,363,181,544,TRUE,90,181,91
2150033,8,445,129,574,TRUE,157,129,-28
2150034,4,295,305,600,FALSE,295,4,-291
2150034,8,299,138,437,TRUE,80,138,58
2150035,4,847,498,1345,TRUE,174,498,324
2150035,8,981,367,1348,TRUE,306,367,61
2150036,4,902,541,1443,TRUE,180,541,361
2150036,8,1313,379,1692,TRUE,466,379,-87
2150037,4,322,452,774,FALSE,322,64,-258
2150037,8,452,366,818,TRUE,42,366,324
2150038,4,872,1254,2126,FALSE,872,190,-682
2150038,8,1215,1121,2336,TRUE,46,1121,1075
2150039,4,1105,562,1667,TRUE,271,562,291
2150039,8,1314,280,1594,TRUE,516,280,-236
2150040,4,607,403,1010,TRUE,101,403,302
2150040,8,957,249,1206,TRUE,353,249,-104
2150041,4,275,153,428,TRUE,60,153,93
2150041,8,368,93,461,TRUE,137,93,-44
2150042,4,474,329,803,TRUE,72,329,257
2150042,8,870,321,1191,TRUE,274,321,47
2150043,4,777,548,1325,TRUE,114,548,434
2150043,8,1150,344,1494,TRUE,402,344,-58
2150044,4,162,161,323,TRUE,0,161,161
2150044,8,255,89,344,TRUE,82,89,7
2150045,4,215,211,426,TRUE,1,211,210
2150045,8,753,381,1134,TRUE,185,381,196
2150046,4,457,230,687,TRUE,113,230,117
2150046,8,624,159,783,TRUE,232,159,-73
2150047,4,554,353,907,TRUE,100,353,253
2150047,8,648,219,867,TRUE,214,219,5
2150048,4,1045,607,1652,TRUE,218,607,389
2150048,8,1108,265,1373,TRUE,421,265,-156
2150049,4,609,406,1015,TRUE,101,406,305
2150049,8,838,283,1121,TRUE,277,283,6
2150050,4,933,622,1555,TRUE,155,622,467
2150050,8,1332,621,1953,TRUE,355,621,266
2150051,4,828,202,1030,TRUE,312,202,-110
2150051,8,993,117,1110,TRUE,437,117,-320
2150052,4,713,776,1489,FALSE,713,31,-682
2150052,8,794,489,1283,TRUE,152,489,337
2150053,4,888,590,1478,TRUE,148,590,442
2150053,8,1554,474,2028,TRUE,539,474,-65
2150054,4,741,1014,1755,FALSE,741,136,-605
2150054,8,1376,1116,2492,TRUE,129,1116,987
2150055,4,668,412,1080,TRUE,127,412,285
2150055,8,1410,281,1691,TRUE,564,281,-283
2150056,4,803,528,1331,TRUE,137,528,391
2150056,8,958,369,1327,TRUE,294,369,75
2150057,4,218,157,375,TRUE,30,157,127
2150057,8,361,154,515,TRUE,103,154,51
2150058,4,412,328,740,TRUE,41,328,287
2150058,8,531,206,737,TRUE,162,206,44
2150059,4,435,217,652,TRUE,108,217,109
2150059,8,641,127,768,TRUE,256,127,-129
2150060,4,328,306,634,TRUE,10,306,296
2150060,8,523,245,768,TRUE,138,245,107
2150061,4,583,350,933,TRUE,116,350,234
2150061,8,755,231,986,TRUE,261,231,-30
2150062,4,596,1073,1669,FALSE,596,238,-358
2150062,8,845,989,1834,FALSE,845,71,-774
2150063,4,469,587,1056,FALSE,469,58,-411
2150063,8,811,749,1560,TRUE,30,749,719
2150064,4,294,182,476,TRUE,55,182,127
2150064,8,356,92,448,TRUE,131,92,-39
2150065,4,487,558,1045,FALSE,487,35,-452
2150065,8,756,412,1168,TRUE,171,412,241
2150066,4,420,402,822,TRUE,8,402,394
2150066,8,436,173,609,TRUE,131,173,42
2150067,4,341,432,773,FALSE,341,45,-296
2150067,8,358,255,613,TRUE,51,255,204
2150068,4,675,552,1227,TRUE,61,552,491
2150068,8,1021,397,1418,TRUE,311,397,86
2150069,4,593,446,1039,TRUE,73,446,373
2150069,8,1129,368,1497,TRUE,380,368,-12
2150070,4,299,154,453,TRUE,72,154,82
2150070,8,554,125,679,TRUE,214,125,-89
2150071,4,355,405,760,FALSE,355,24,-331
2150071,8,476,402,878,TRUE,36,402,366
2150072,4,381,412,793,FALSE,381,15,-366
2150072,8,379,270,649,TRUE,54,270,216
2150073,4,526,880,1406,FALSE,526,176,-350
2150073,8,571,671,1242,FALSE,571,49,-522
2150074,4,483,770,1253,FALSE,483,143,-340
2150074,8,801,701,1502,TRUE,49,701,652
2150075,4,257,211,468,TRUE,22,211,189
2150075,8,384,131,515,TRUE,126,131,5
2150076,4,17,23,40,FALSE,17,2,-15
2150076,8,2,21,23,FALSE,2,9,7
2150077,4,437,305,742,TRUE,65,305,240
2150077,8,620,229,849,TRUE,195,229,34
2150078,4,208,171,379,TRUE,18,171,153
2150078,8,430,95,525,TRUE,167,95,-72
2150079,4,479,178,657,TRUE,150,178,28
2150079,8,834,137,971,TRUE,348,137,-211
2150081,4,569,804,1373,FALSE,569,117,-452
2150081,8,1150,755,1905,TRUE,197,755,558
2150083,4,299,583,882,FALSE,299,141,-158
2150083,8,623,793,1416,FALSE,623,84,-539
2150084,4,162,284,446,FALSE,162,60,-102
2150084,8,403,331,734,TRUE,35,331,296
2150085,4,301,257,558,TRUE,21,257,236
2150085,8,444,184,628,TRUE,129,184,55
2150087,4,142,118,260,TRUE,11,118,107
2150087,8,372,105,477,TRUE,133,105,-28
2150088,4,872,860,1732,TRUE,5,860,855
2150088,8,1298,415,1713,TRUE,441,415,-26
2150089,4,29,46,75,FALSE,29,8,-21
2150089,8,35,6,41,TRUE,14,6,-8
2150090,4,1168,371,1539,TRUE,398,371,-27
2150090,8,1870,257,2127,TRUE,806,257,-549
2150091,4,324,270,594,TRUE,26,270,244
2150091,8,605,191,796,TRUE,206,191,-15
2150092,4,145,84,229,TRUE,30,84,54
2150092,8,289,69,358,TRUE,109,69,-40
2150094,4,692,255,947,TRUE,218,255,37
2150094,8,749,162,911,TRUE,293,162,-131
2150095,4,620,379,999,TRUE,120,379,259
2150095,8,1304,297,1601,TRUE,503,297,-206
2150096,4,579,1101,1680,FALSE,579,260,-319
2150096,8,811,794,1605,TRUE,8,794,786
2150097,4,832,740,1572,TRUE,45,740,695
2150097,8,1265,484,1749,TRUE,390,484,94
2150098,4,828,519,1347,TRUE,154,519,365
2150098,8,1104,383,1487,TRUE,360,383,23
2150099,4,699,533,1232,TRUE,82,533,451
2150099,8,1288,358,1646,TRUE,464,358,-106
2150100,4,601,372,973,TRUE,114,372,258
2150100,8,771,202,973,TRUE,284,202,-82
2150101,4,550,712,1262,FALSE,550,80,-470
2150101,8,681,587,1268,TRUE,46,587,541
2150102,4,237,245,482,FALSE,237,3,-234
2150102,8,250,278,528,FALSE,250,13,-237
2150103,4,646,903,1549,FALSE,646,128,-518
2150103,8,790,702,1492,TRUE,43,702,659
2150104,4,140,76,216,TRUE,31,76,45
2150104,8,364,103,467,TRUE,130,103,-27
2150105,4,379,340,719,TRUE,19,340,321
2150105,8,786,405,1191,TRUE,190,405,215
2150106,4,508,646,1154,FALSE,508,68,-440
2150106,8,1271,788,2059,TRUE,241,788,547
2150107,4,737,499,1236,TRUE,118,499,381
2150107,8,877,323,1200,TRUE,276,323,47
2150108,4,504,259,763,TRUE,122,259,137
2150108,8,918,195,1113,TRUE,361,195,-166
2150109,4,458,312,770,TRUE,72,312,240
2150109,8,852,268,1120,TRUE,291,268,-23
2150110,4,131,102,233,TRUE,14,102,88
2150110,8,366,129,495,TRUE,118,129,11
2150111,4,705,671,1376,TRUE,16,671,655
2150111,8,784,470,1254,TRUE,156,470,314
2150112,4,850,447,1297,TRUE,201,447,246
2150112,8,967,213,1180,TRUE,376,213,-163
2150113,4,390,429,819,FALSE,390,19,-371
2150113,8,483,291,774,TRUE,95,291,196
2150114,4,363,452,815,FALSE,363,44,-319
2150114,8,726,629,1355,TRUE,48,629,581
2150115,4,823,487,1310,TRUE,167,487,320
2150115,8,981,290,1271,TRUE,345,290,-55
2150116,4,367,209,576,TRUE,78,209,131
2150116,8,412,224,636,TRUE,93,224,131
2150117,4,494,263,757,TRUE,115,263,148
2150117,8,897,173,1070,TRUE,361,173,-188
2150118,4,31,46,77,FALSE,31,7,-24
2150118,8,42,30,72,TRUE,5,30,25
2150119,4,638,221,859,TRUE,208,221,13
2150119,8,1016,168,1184,TRUE,423,168,-255
2150120,4,608,398,1006,TRUE,104,398,294
2150120,8,821,298,1119,TRUE,261,298,37
2150121,4,52,45,97,TRUE,3,45,42
2150121,8,62,65,127,FALSE,62,1,-61
2150122,4,902,436,1338,TRUE,232,436,204
2150122,8,1789,271,2060,TRUE,758,271,-487
2150123,4,417,300,717,TRUE,58,300,242
2150123,8,611,230,841,TRUE,190,230,40
2150124,4,490,723,1213,FALSE,490,116,-374
2150124,8,721,646,1367,TRUE,37,646,609
2150125,4,276,380,656,FALSE,276,51,-225
2150125,8,412,337,749,TRUE,37,337,300
2150126,4,192,330,522,FALSE,192,68,-124
2150126,8,357,482,839,FALSE,357,62,-295
2150127,4,635,493,1128,TRUE,70,493,423
2150127,8,883,217,1100,TRUE,332,217,-115
2150128,4,290,145,435,TRUE,72,145,73
2150128,8,427,81,508,TRUE,172,81,-91
2150129,4,72,127,199,FALSE,72,27,-45
2150129,8,122,109,231,TRUE,6,109,103
2150130,4,162,154,316,TRUE,3,154,151
2150130,8,228,128,356,TRUE,49,128,79
2150131,4,0,0,0,FALSE,0,-1,-1
2150131,8,13,1,14,TRUE,5,1,-4
2150132,4,0,0,0,FALSE,0,-1,-1
2150132,8,5,1,6,TRUE,1,1,0
2150133,4,7,19,26,FALSE,7,5,-2
2150133,8,14,10,24,TRUE,1,10,9
2150134,4,337,734,1071,FALSE,337,198,-139
2150134,8,402,630,1032,FALSE,402,113,-289
2150135,4,128,180,308,FALSE,128,25,-103
2150135,8,148,174,322,FALSE,148,12,-136
2150136,4,256,311,567,FALSE,256,27,-229
2150136,8,465,349,814,TRUE,57,349,292
2150137,4,48,24,72,TRUE,11,24,13
2150137,8,34,2,36,TRUE,15,2,-13
2150138,4,151,74,225,TRUE,38,74,36
2150138,8,158,31,189,TRUE,63,31,-32
2150139,4,140,143,283,FALSE,140,1,-139
2150139,8,124,55,179,TRUE,34,55,21
2150140,4,0,0,0,FALSE,0,-1,-1
2150140,8,2,0,2,TRUE,0,0,0
2150141,4,2,2,4,FALSE,2,-1,-3
2150141,8,5,0,5,TRUE,2,0,-2
2150142,4,0,0,0,FALSE,0,-1,-1
2150142,8,0,0,0,FALSE,0,-1,-1
2150143,4,0,0,0,FALSE,0,-1,-1
2150143,8,0,0,0,FALSE,0,-1,-1
2150144,4,0,0,0,FALSE,0,-1,-1
2150144,8,1,0,1,TRUE,0,0,0
2170001,4,11,34,45,FALSE,11,11,0
2170001,8,12,51,63,FALSE,12,19,7
2170002,4,187,426,613,FALSE,187,119,-68
2170002,8,206,420,626,FALSE,206,106,-100
2170003,4,324,414,738,FALSE,324,44,-280
2170003,8,417,353,770,TRUE,31,353,322
2170004,4,391,1185,1576,FALSE,391,396,5
2170004,8,370,1121,1491,FALSE,370,375,5
2170005,4,95,231,326,FALSE,95,67,-28
2170005,8,76,268,344,FALSE,76,95,19
2170006,4,59,190,249,FALSE,59,65,6
2170006,8,66,197,263,FALSE,66,65,-1
2170007,4,118,262,380,FALSE,118,71,-47
2170007,8,86,252,338,FALSE,86,82,-4
2170008,4,51,160,211,FALSE,51,54,3
2170008,8,55,148,203,FALSE,55,46,-9
2170009,4,75,195,270,FALSE,75,59,-16
2170009,8,87,214,301,FALSE,87,63,-24
2170010,4,338,701,1039,FALSE,338,181,-157
2170010,8,363,705,1068,FALSE,363,170,-193
2170012,4,182,440,622,FALSE,182,128,-54
2170012,8,206,486,692,FALSE,206,139,-67
2170013,4,328,968,1296,FALSE,328,319,-9
2170013,8,312,995,1307,FALSE,312,341,29
2170014,4,120,408,528,FALSE,120,143,23
2170014,8,102,454,556,FALSE,102,175,73
2170015,4,69,152,221,FALSE,69,41,-28
2170015,8,80,188,268,FALSE,80,53,-27
2170016,4,77,147,224,FALSE,77,34,-43
2170016,8,86,161,247,FALSE,86,37,-49
2170018,4,49,90,139,FALSE,49,20,-29
2170018,8,37,98,135,FALSE,37,30,-7
2170019,4,57,182,239,FALSE,57,62,5
2170019,8,55,162,217,FALSE,55,53,-2
2170020,4,176,377,553,FALSE,176,100,-76
2170020,8,149,411,560,FALSE,149,130,-19
2170021,4,265,753,1018,FALSE,265,243,-22
2170021,8,280,831,1111,FALSE,280,275,-5
2170022,4,296,741,1037,FALSE,296,222,-74
2170022,8,290,727,1017,FALSE,290,218,-72
2170023,4,96,195,291,FALSE,96,49,-47
2170023,8,111,159,270,FALSE,111,23,-88
2170024,4,264,659,923,FALSE,264,197,-67
2170024,8,247,541,788,FALSE,247,146,-101
2170027,4,122,313,435,FALSE,122,95,-27
2170027,8,118,322,440,FALSE,118,101,-17
2190011,4,57,341,398,FALSE,57,141,84
2190011,8,72,409,481,FALSE,72,168,96
2190014,4,62,379,441,FALSE,62,158,96
2190014,8,92,369,461,FALSE,92,138,46
2190015,4,41,242,283,FALSE,41,100,59
2190015,8,52,232,284,FALSE,52,89,37
2190016,4,177,1106,1283,FALSE,177,464,287
2190016,8,201,1041,1242,FALSE,201,419,218
2190021,4,153,736,889,FALSE,153,291,138
2190021,8,196,652,848,FALSE,196,227,31
2190022,4,56,236,292,FALSE,56,89,33
2190022,8,92,212,304,FALSE,92,59,-33
2190024,4,86,506,592,FALSE,86,209,123
2190024,8,100,471,571,FALSE,100,185,85
2190032,4,210,748,958,FALSE,210,268,58
2190032,8,316,626,942,FALSE,316,154,-162
2190033,4,5,40,45,FALSE,5,17,12
2190033,8,12,44,56,FALSE,12,15,3
2190034,4,4,8,12,FALSE,4,1,-3
2190034,8,0,12,12,FALSE,0,5,5
2190035,4,16,53,69,FALSE,16,18,2
2190035,8,28,85,113,FALSE,28,28,0
2190036,4,93,156,249,FALSE,93,31,-62
2190036,8,107,133,240,FALSE,107,12,-95
2190043,4,26,141,167,FALSE,26,57,31
2190043,8,50,147,197,FALSE,50,48,-2
2190044,4,156,380,536,FALSE,156,111,-45
2190044,8,198,359,557,FALSE,198,80,-118
NA,4,105,526,631,FALSE,105,210,105
NA,8,127,465,592,FALSE,127,168,41
NA,4,66,301,367,FALSE,66,117,51
NA,8,72,267,339,FALSE,72,97,25
2190046,4,72,259,331,FALSE,72,93,21
2190046,8,79,265,344,FALSE,79,92,13
2210001,4,322,1009,1331,FALSE,322,343,21
2210001,8,348,864,1212,FALSE,348,257,-91
2210002,4,328,1157,1485,FALSE,328,414,86
2210002,8,405,1099,1504,FALSE,405,346,-59
2210003,4,444,1447,1891,FALSE,444,501,57
2210003,8,533,1448,1981,FALSE,533,457,-76
2210004,4,155,501,656,FALSE,155,172,17
2210004,8,183,560,743,FALSE,183,188,5
2210005,4,176,640,816,FALSE,176,231,55
2210005,8,155,471,626,FALSE,155,157,2
2210006,4,127,453,580,FALSE,127,162,35
2210006,8,116,364,480,FALSE,116,123,7
2210007,4,171,518,689,FALSE,171,173,2
2210007,8,135,366,501,FALSE,135,115,-20
2210008,4,345,1067,1412,FALSE,345,360,15
2210008,8,304,1076,1380,FALSE,304,385,81
2210009,4,373,1259,1632,FALSE,373,442,69
2210009,8,439,1678,2117,FALSE,439,619,180
2210010,4,607,2072,2679,FALSE,607,732,125
2210010,8,565,2368,2933,FALSE,565,901,336
2210011,4,246,929,1175,FALSE,246,341,95
2210011,8,203,606,809,FALSE,203,201,-2
2210012,4,338,942,1280,FALSE,338,301,-37
2210012,8,283,617,900,FALSE,283,166,-117
2210013,4,332,1145,1477,FALSE,332,406,74
2210013,8,374,1413,1787,FALSE,374,519,145
2210014,4,396,1266,1662,FALSE,396,434,38
2210014,8,354,1336,1690,FALSE,354,490,136
2210015,4,47,197,244,FALSE,47,74,27
2210015,8,41,139,180,FALSE,41,48,7
2210016,4,458,1678,2136,FALSE,458,609,151
2210016,8,649,2894,3543,FALSE,649,1122,473
2230001,4,286,901,1187,FALSE,286,307,21
2230001,8,316,910,1226,FALSE,316,296,-20
2230002,4,260,574,834,FALSE,260,156,-104
2230002,8,285,622,907,FALSE,285,168,-117
2230003,4,231,669,900,FALSE,231,218,-13
2230003,8,249,664,913,FALSE,249,207,-42
2230004,4,164,598,762,FALSE,164,216,52
2230004,8,204,670,874,FALSE,204,232,28
2230005,4,104,188,292,FALSE,104,41,-63
2230005,8,58,248,306,FALSE,58,94,36
2230008,4,47,96,143,FALSE,47,24,-23
2230008,8,60,122,182,FALSE,60,30,-30
2230011,4,175,306,481,FALSE,175,65,-110
2230011,8,143,319,462,FALSE,143,87,-56
2230012,4,59,136,195,FALSE,59,38,-21
2230012,8,41,162,203,FALSE,41,60,19
2230013,4,159,383,542,FALSE,159,111,-48
2230013,8,139,430,569,FALSE,139,145,6
2230014,4,164,360,524,FALSE,164,97,-67
2230014,8,130,430,560,FALSE,130,149,19
2230016,4,122,359,481,FALSE,122,118,-4
2230016,8,124,477,601,FALSE,124,176,52
2230017,4,188,371,559,FALSE,188,91,-97
2230017,8,192,429,621,FALSE,192,118,-74
NA,4,227,777,1004,FALSE,227,274,47
NA,8,234,802,1036,FALSE,234,283,49
2230020,4,83,191,274,FALSE,83,53,-30
2230020,8,72,233,305,FALSE,72,80,8
2230023,4,61,116,177,FALSE,61,27,-34
2230023,8,48,133,181,FALSE,48,42,-6
2230024,4,100,289,389,FALSE,100,94,-6
2230024,8,104,337,441,FALSE,104,116,12
2230025,4,34,132,166,FALSE,34,48,14
2230025,8,35,149,184,FALSE,35,56,21
NA,4,372,267,639,TRUE,52,267,215
NA,8,438,273,711,TRUE,82,273,191
2230036,4,116,352,468,FALSE,116,117,1
2230036,8,136,410,546,FALSE,136,136,0
NA,4,235,668,903,FALSE,235,216,-19
NA,8,262,709,971,FALSE,262,223,-39
NA,4,256,849,1105,FALSE,256,296,40
NA,8,260,770,1030,FALSE,260,254,-6
2250001,4,309,481,790,FALSE,309,85,-224
2250001,8,294,454,748,FALSE,294,79,-215
2250002,4,302,607,909,FALSE,302,152,-150
2250002,8,294,644,938,FALSE,294,174,-120
2250003,4,557,263,820,TRUE,146,263,117
2250003,8,555,248,803,TRUE,153,248,95
2250004,4,413,912,1325,FALSE,413,249,-164
2250004,8,397,862,1259,FALSE,397,232,-165
2250005,4,175,572,747,FALSE,175,198,23
2250005,8,143,556,699,FALSE,143,206,63
2250006,4,246,452,698,FALSE,246,102,-144
2250006,8,234,458,692,FALSE,234,111,-123
2250007,4,120,506,626,FALSE,120,192,72
2250007,8,82,501,583,FALSE,82,209,127
2250008,4,81,240,321,FALSE,81,79,-2
2250008,8,56,264,320,FALSE,56,103,47
2250009,4,77,193,270,FALSE,77,57,-20
2250009,8,53,222,275,FALSE,53,84,31
2250010,4,72,97,169,FALSE,72,12,-60
2250010,8,40,134,174,FALSE,40,46,6
2250011,4,25,41,66,FALSE,25,7,-18
2250011,8,15,43,58,FALSE,15,13,-2
2250012,4,26,62,88,FALSE,26,17,-9
2250012,8,25,61,86,FALSE,25,17,-8
2250014,4,57,272,329,FALSE,57,107,50
2250014,8,58,267,325,FALSE,58,104,46
2250015,4,54,131,185,FALSE,54,38,-16
2250015,8,47,117,164,FALSE,47,34,-13
2250016,4,21,105,126,FALSE,21,41,20
2250016,8,14,104,118,FALSE,14,44,30
2250017,4,34,151,185,FALSE,34,58,24
2250017,8,24,170,194,FALSE,24,72,48
2250018,4,43,30,73,TRUE,6,30,24
2250018,8,36,41,77,FALSE,36,2,-34
2250019,4,129,303,432,FALSE,129,86,-43
2250019,8,130,299,429,FALSE,130,84,-46
2250020,4,30,131,161,FALSE,30,50,20
2250020,8,13,125,138,FALSE,13,55,42
2250021,4,69,154,223,FALSE,69,42,-27
2250021,8,70,158,228,FALSE,70,43,-27
2250022,4,81,145,226,FALSE,81,31,-50
2250022,8,73,141,214,FALSE,73,33,-40
2270011,4,336,407,743,FALSE,336,35,-301
2270011,8,325,249,574,TRUE,37,249,212
2270012,4,121,114,235,TRUE,3,114,111
2270012,8,182,141,323,TRUE,20,141,121
2270013,4,31,48,79,FALSE,31,8,-23
2270013,8,12,27,39,FALSE,12,7,-5
2270014,4,92,145,237,FALSE,92,26,-66
2270014,8,72,175,247,FALSE,72,51,-21
2270016,4,28,25,53,TRUE,1,25,24
2270016,8,26,20,46,TRUE,2,20,18
2270022,4,2,8,10,FALSE,2,2,0
2270022,8,2,7,9,FALSE,2,2,0
NA,4,51,175,226,FALSE,51,61,10
NA,8,62,204,266,FALSE,62,70,8
NA,4,3,14,17,FALSE,3,5,2
NA,8,4,13,17,FALSE,4,4,0
2270025,4,317,1116,1433,FALSE,317,399,82
2270025,8,283,954,1237,FALSE,283,335,52
2270026,4,12,57,69,FALSE,12,22,10
2270026,8,27,96,123,FALSE,27,34,7
2270033,4,287,780,1067,FALSE,287,246,-41
2270033,8,313,768,1081,FALSE,313,227,-86
2270034,4,213,558,771,FALSE,213,172,-41
2270034,8,215,527,742,FALSE,215,155,-60
2270035,4,22,53,75,FALSE,22,15,-7
2270035,8,17,43,60,FALSE,17,12,-5
2270042,4,172,297,469,FALSE,172,62,-110
2270042,8,100,233,333,FALSE,100,66,-34
2270044,4,36,69,105,FALSE,36,16,-20
2270044,8,7,16,23,FALSE,7,4,-3
2270045,4,23,41,64,FALSE,23,8,-15
2270045,8,47,103,150,FALSE,47,27,-20
2270046,4,256,685,941,FALSE,256,214,-42
2270046,8,265,563,828,FALSE,265,148,-117
2270103,4,23,74,97,FALSE,23,25,2
2270103,8,14,75,89,FALSE,14,30,16
2270104,4,3,36,39,FALSE,3,16,13
2270104,8,3,27,30,FALSE,3,11,8
2270105,4,17,55,72,FALSE,17,18,1
2270105,8,8,61,69,FALSE,8,26,18
2270205,4,133,809,942,FALSE,133,337,204
2270205,8,112,876,988,FALSE,112,381,269
2270207,4,102,440,542,FALSE,102,168,66
2270207,8,158,751,909,FALSE,158,296,138
2270208,4,2,90,92,FALSE,2,43,41
2270208,8,12,84,96,FALSE,12,35,23
2270304,4,69,275,344,FALSE,69,102,33
2270304,8,83,279,362,FALSE,83,97,14
2270404,4,98,253,351,FALSE,98,77,-21
2270404,8,80,266,346,FALSE,80,92,12
2270405,4,45,175,220,FALSE,45,64,19
2270405,8,40,142,182,FALSE,40,50,10
2270406,4,18,41,59,FALSE,18,11,-7
2270406,8,5,30,35,FALSE,5,12,7
2270407,4,18,63,81,FALSE,18,22,4
2270407,8,12,54,66,FALSE,12,20,8
2270408,4,8,14,22,FALSE,8,2,-6
2270408,8,2,16,18,FALSE,2,6,4
2270409,4,69,268,337,FALSE,69,99,30
2270409,8,57,229,286,FALSE,57,85,28
NA,4,56,295,351,FALSE,56,119,63
NA,8,0,0,0,FALSE,0,-1,-1
2290001,4,94,243,337,FALSE,94,74,-20
2290001,8,102,141,243,FALSE,102,19,-83
2290002,4,116,73,189,TRUE,21,73,52
2290002,8,134,83,217,TRUE,25,83,58
2290004,4,56,190,246,FALSE,56,66,10
2290004,8,97,145,242,FALSE,97,23,-74
NA,4,14,23,37,FALSE,14,4,-10
NA,8,30,41,71,FALSE,30,5,-25
NA,4,22,48,70,FALSE,22,12,-10
NA,8,67,48,115,TRUE,9,48,39
230001,4,134,426,560,FALSE,134,145,11
230001,8,79,421,500,FALSE,79,170,91
230002,4,113,274,387,FALSE,113,80,-33
230002,8,92,261,353,FALSE,92,84,-8
230003,4,105,276,381,FALSE,105,85,-20
230003,8,112,218,330,FALSE,112,52,-60
230004,4,115,404,519,FALSE,115,144,29
230004,8,83,362,445,FALSE,83,139,56
2310101,4,137,511,648,FALSE,137,186,49
2310101,8,123,581,704,FALSE,123,228,105
2310102,4,203,565,768,FALSE,203,180,-23
2310102,8,212,534,746,FALSE,212,160,-52
2310103,4,67,309,376,FALSE,67,120,53
2310103,8,68,355,423,FALSE,68,143,75
2310104,4,81,397,478,FALSE,81,157,76
2310104,8,114,411,525,FALSE,114,148,34
2310105,4,201,435,636,FALSE,201,116,-85
2310105,8,206,394,600,FALSE,206,93,-113
2310106,4,277,438,715,FALSE,277,80,-197
2310106,8,364,361,725,TRUE,1,361,360
2310107,4,263,815,1078,FALSE,263,275,12
2310107,8,297,755,1052,FALSE,297,228,-69
2310108,4,376,723,1099,FALSE,376,173,-203
2310108,8,460,671,1131,FALSE,460,105,-355
2310109,4,164,433,597,FALSE,164,134,-30
2310109,8,145,470,615,FALSE,145,162,17
2310110,4,80,251,331,FALSE,80,85,5
2310110,8,103,292,395,FALSE,103,94,-9
2310211,4,100,316,416,FALSE,100,107,7
2310211,8,105,313,418,FALSE,105,103,-2
2310212,4,321,1381,1702,FALSE,321,529,208
2310212,8,483,1507,1990,FALSE,483,511,28
2310213,4,103,382,485,FALSE,103,139,36
2310213,8,89,428,517,FALSE,89,169,80
2310214,4,77,218,295,FALSE,77,70,-7
2310214,8,116,177,293,FALSE,116,30,-86
2310215,4,381,1104,1485,FALSE,381,361,-20
2310215,8,356,1115,1471,FALSE,356,379,23
2310216,4,378,1532,1910,FALSE,378,576,198
2310216,8,441,1816,2257,FALSE,441,687,246
2310217,4,180,550,730,FALSE,180,184,4
2310217,8,243,710,953,FALSE,243,233,-10
2310218,4,162,603,765,FALSE,162,220,58
2310218,8,180,684,864,FALSE,180,251,71
2310319,4,81,303,384,FALSE,81,110,29
2310319,8,93,349,442,FALSE,93,127,34
2310320,4,241,634,875,FALSE,241,196,-45
2310320,8,250,678,928,FALSE,250,213,-37
2310321,4,442,801,1243,FALSE,442,179,-263
2310321,8,386,786,1172,FALSE,386,199,-187
2310322,4,249,480,729,FALSE,249,115,-134
2310322,8,195,516,711,FALSE,195,160,-35
2310323,4,220,388,608,FALSE,220,83,-137
2310323,8,213,382,595,FALSE,213,84,-129
2310324,4,262,1120,1382,FALSE,262,428,166
2310324,8,301,1165,1466,FALSE,301,431,130
2310325,4,66,374,440,FALSE,66,153,87
2310325,8,74,393,467,FALSE,74,159,85
2310326,4,371,1480,1851,FALSE,371,554,183
2310326,8,420,1483,1903,FALSE,420,531,111
2310427,4,88,166,254,FALSE,88,38,-50
2310427,8,71,169,240,FALSE,71,48,-23
2310428,4,764,911,1675,FALSE,764,73,-691
2310428,8,801,769,1570,TRUE,15,769,754
2310429,4,528,672,1200,FALSE,528,71,-457
2310429,8,412,551,963,FALSE,412,69,-343
2310430,4,66,153,219,FALSE,66,43,-23
2310430,8,76,166,242,FALSE,76,44,-32
2310431,4,84,190,274,FALSE,84,52,-32
2310431,8,95,187,282,FALSE,95,45,-50
2310432,4,105,200,305,FALSE,105,47,-58
2310432,8,137,157,294,FALSE,137,9,-128
2310433,4,41,150,191,FALSE,41,54,13
2310433,8,39,152,191,FALSE,39,56,17
2310434,4,74,239,313,FALSE,74,82,8
2310434,8,66,272,338,FALSE,66,102,36
2310435,4,562,290,852,TRUE,135,290,155
2310435,8,707,209,916,TRUE,248,209,-39
2310436,4,176,551,727,FALSE,176,187,11
2310436,8,153,615,768,FALSE,153,230,77
2330011,4,168,1306,1474,FALSE,168,568,400
2330011,8,165,1160,1325,FALSE,165,497,332
2330014,4,218,1310,1528,FALSE,218,545,327
2330014,8,198,1296,1494,FALSE,198,548,350
2330021,4,410,1898,2308,FALSE,410,743,333
2330021,8,277,1845,2122,FALSE,277,783,506
2330023,4,44,218,262,FALSE,44,86,42
2330023,8,28,218,246,FALSE,28,94,66
2330031,4,191,961,1152,FALSE,191,384,193
2330031,8,171,922,1093,FALSE,171,375,204
2330033,4,178,1011,1189,FALSE,178,416,238
2330033,8,168,965,1133,FALSE,168,398,230
2330041,4,9,40,49,FALSE,9,15,6
2330041,8,4,39,43,FALSE,4,17,13
2330042,4,285,1095,1380,FALSE,285,404,119
2330042,8,311,915,1226,FALSE,311,301,-10
2350100,4,49,179,228,FALSE,49,64,15
2350100,8,51,185,236,FALSE,51,66,15
2350200,4,33,162,195,FALSE,33,64,31
2350200,8,34,145,179,FALSE,34,55,21
2350301,4,14,63,77,FALSE,14,24,10
2350301,8,14,51,65,FALSE,14,18,4
2350302,4,18,84,102,FALSE,18,32,14
2350302,8,31,80,111,FALSE,31,24,-7
2350400,4,27,196,223,FALSE,27,84,57
2350400,8,34,183,217,FALSE,34,74,40
2370001,4,157,579,736,FALSE,157,210,53
2370001,8,106,582,688,FALSE,106,237,131
2370002,4,120,432,552,FALSE,120,155,35
2370002,8,101,434,535,FALSE,101,166,65
2370003,4,43,137,180,FALSE,43,46,3
2370003,8,32,137,169,FALSE,32,52,20
2370004,4,96,452,548,FALSE,96,177,81
2370004,8,60,455,515,FALSE,60,197,137
2370005,4,60,316,376,FALSE,60,127,67
2370005,8,46,329,375,FALSE,46,141,95
2370006,4,166,553,719,FALSE,166,193,27
2370006,8,123,591,714,FALSE,123,233,110
2390001,4,336,686,1022,FALSE,336,174,-162
2390001,8,433,618,1051,FALSE,433,92,-341
2390002,4,351,1057,1408,FALSE,351,352,1
2390002,8,269,925,1194,FALSE,269,327,58
2390003,4,240,769,1009,FALSE,240,264,24
2390003,8,240,959,1199,FALSE,240,359,119
2390004,4,42,186,228,FALSE,42,71,29
2390004,8,29,160,189,FALSE,29,65,36
2390005,4,83,307,390,FALSE,83,111,28
2390005,8,70,269,339,FALSE,70,99,29
2390006,4,102,269,371,FALSE,102,83,-19
2390006,8,124,256,380,FALSE,124,65,-59
2390007,4,11,55,66,FALSE,11,21,10
2390007,8,13,51,64,FALSE,13,18,5
2390008,4,90,256,346,FALSE,90,82,-8
2390008,8,79,253,332,FALSE,79,86,7
2390009,4,41,178,219,FALSE,41,68,27
2390009,8,44,232,276,FALSE,44,93,49
2410001,4,22,6,28,TRUE,7,6,-1
2410001,8,12,8,20,TRUE,1,8,7
2410002,4,94,286,380,FALSE,94,95,1
2410002,8,69,344,413,FALSE,69,137,68
2410003,4,189,392,581,FALSE,189,101,-88
2410003,8,141,408,549,FALSE,141,133,-8
2410004,4,95,244,339,FALSE,95,74,-21
2410004,8,82,289,371,FALSE,82,103,21
2410005,4,29,65,94,FALSE,29,17,-12
2410005,8,25,80,105,FALSE,25,27,2
2410006,4,226,411,637,FALSE,226,92,-134
2410006,8,229,397,626,FALSE,229,83,-146
2410007,4,211,211,422,FALSE,211,-1,-212
2410007,8,221,240,461,FALSE,221,9,-212
2410008,4,205,334,539,FALSE,205,64,-141
2410008,8,215,299,514,FALSE,215,41,-174
2410009,4,324,698,1022,FALSE,324,186,-138
2410009,8,193,797,990,FALSE,193,301,108
2410010,4,320,644,964,FALSE,320,161,-159
2410010,8,184,734,918,FALSE,184,274,90
2410011,4,65,193,258,FALSE,65,63,-2
2410011,8,55,221,276,FALSE,55,82,27
2410012,4,110,257,367,FALSE,110,73,-37
2410012,8,86,240,326,FALSE,86,76,-10
2410013,4,129,190,319,FALSE,129,30,-99
2410013,8,111,224,335,FALSE,111,56,-55
2410014,4,533,906,1439,FALSE,533,186,-347
2410014,8,429,995,1424,FALSE,429,282,-147
2410015,4,423,932,1355,FALSE,423,254,-169
2410015,8,254,1038,1292,FALSE,254,391,137
2410016,4,54,61,115,FALSE,54,3,-51
2410016,8,23,93,116,FALSE,23,34,11
2410017,4,240,591,831,FALSE,240,175,-65
2410017,8,146,692,838,FALSE,146,272,126
2410019,4,353,922,1275,FALSE,353,284,-69
2410019,8,328,959,1287,FALSE,328,315,-13
2410020,4,456,268,724,TRUE,93,268,175
2410020,8,456,295,751,TRUE,80,295,215
2410021,4,393,736,1129,FALSE,393,171,-222
2410021,8,399,669,1068,FALSE,399,134,-265
2430001,4,101,228,329,FALSE,101,63,-38
2430001,8,118,186,304,FALSE,118,33,-85
2430002,4,109,147,256,FALSE,109,18,-91
2430002,8,129,123,252,TRUE,2,123,121
2430003,4,76,185,261,FALSE,76,54,-22
2430003,8,105,233,338,FALSE,105,63,-42
2430004,4,32,80,112,FALSE,32,23,-9
2430004,8,39,75,114,FALSE,39,17,-22
2430005,4,60,124,184,FALSE,60,31,-29
2430005,8,77,132,209,FALSE,77,27,-50
2450001,4,840,162,1002,TRUE,338,162,-176
2450001,8,949,102,1051,TRUE,423,102,-321
2450002,4,381,218,599,TRUE,81,218,137
2450002,8,428,162,590,TRUE,132,162,30
2450003,4,1080,115,1195,TRUE,482,115,-367
2450003,8,1106,65,1171,TRUE,520,65,-455
2450004,4,320,875,1195,FALSE,320,277,-43
2450004,8,312,813,1125,FALSE,312,250,-62
2450005,4,515,654,1169,FALSE,515,69,-446
2450005,8,536,539,1075,FALSE,536,1,-535
2450006,4,413,280,693,TRUE,66,280,214
2450006,8,440,276,716,TRUE,81,276,195
2450007,4,393,473,866,FALSE,393,39,-354
2450007,8,443,400,843,TRUE,21,400,379
2450008,4,417,46,463,TRUE,185,46,-139
2450008,8,450,19,469,TRUE,215,19,-196
2450009,4,796,2052,2848,FALSE,796,627,-169
2450009,8,477,2062,2539,FALSE,477,792,315
2450010,4,331,91,422,TRUE,119,91,-28
2450010,8,332,73,405,TRUE,129,73,-56
2450011,4,165,34,199,TRUE,65,34,-31
2450011,8,173,28,201,TRUE,72,28,-44
2450012,4,435,16,451,TRUE,209,16,-193
2450012,8,380,5,385,TRUE,187,5,-182
2450013,4,271,23,294,TRUE,123,23,-100
2450013,8,272,9,281,TRUE,131,9,-122
2450014,4,753,88,841,TRUE,332,88,-244
2450014,8,830,51,881,TRUE,389,51,-338
2450015,4,689,104,793,TRUE,292,104,-188
2450015,8,715,80,795,TRUE,317,80,-237
2450016,4,203,44,247,TRUE,79,44,-35
2450016,8,178,57,235,TRUE,60,57,-3
2450017,4,615,831,1446,FALSE,615,107,-508
2450017,8,690,789,1479,FALSE,690,49,-641
2450018,4,752,51,803,TRUE,350,51,-299
2450018,8,734,10,744,TRUE,361,10,-351
2450019,4,788,142,930,TRUE,322,142,-180
2450019,8,839,104,943,TRUE,367,104,-263
2450020,4,716,153,869,TRUE,281,153,-128
2450020,8,676,82,758,TRUE,296,82,-214
2450021,4,26,51,77,FALSE,26,12,-14
2450021,8,63,78,141,FALSE,63,7,-56
2450022,4,1031,1143,2174,FALSE,1031,55,-976
2450022,8,1213,992,2205,TRUE,110,992,882
2450023,4,701,533,1234,TRUE,83,533,450
2450023,8,877,428,1305,TRUE,224,428,204
2450024,4,70,145,215,FALSE,70,37,-33
2450024,8,90,210,300,FALSE,90,59,-31
2450025,4,349,825,1174,FALSE,349,237,-112
2450025,8,314,905,1219,FALSE,314,295,-19
2450026,4,366,740,1106,FALSE,366,186,-180
2450026,8,355,707,1062,FALSE,355,175,-180
2450027,4,480,648,1128,FALSE,480,83,-397
2450027,8,400,460,860,FALSE,400,29,-371
2450028,4,438,303,741,TRUE,67,303,236
2450028,8,390,147,537,TRUE,121,147,26
2450029,4,259,815,1074,FALSE,259,277,18
2450029,8,143,849,992,FALSE,143,352,209
2450030,4,250,574,824,FALSE,250,161,-89
2450030,8,141,587,728,FALSE,141,222,81
2450031,4,205,456,661,FALSE,205,125,-80
2450031,8,110,562,672,FALSE,110,225,115
2450032,4,86,152,238,FALSE,86,32,-54
2450032,8,31,133,164,FALSE,31,50,19
2450033,4,1167,852,2019,TRUE,157,852,695
2450033,8,861,882,1743,FALSE,861,10,-851
NA,4,865,217,1082,TRUE,323,217,-106
NA,8,770,8,778,TRUE,380,8,-372
NA,4,0,0,0,FALSE,0,-1,-1
NA,8,0,0,0,FALSE,0,-1,-1
2450035,4,61,105,166,FALSE,61,21,-40
2450035,8,91,340,431,FALSE,91,124,33
2450036,4,332,703,1035,FALSE,332,185,-147
2450036,8,218,703,921,FALSE,218,242,24
2450037,4,586,1175,1761,FALSE,586,294,-292
2450037,8,364,1196,1560,FALSE,364,415,51
2450038,4,515,1100,1615,FALSE,515,292,-223
2450038,8,344,1142,1486,FALSE,344,398,54
2450039,4,1406,59,1465,TRUE,673,59,-614
2450039,8,1394,13,1407,TRUE,690,13,-677
2450040,4,670,1169,1839,FALSE,670,249,-421
2450040,8,431,1246,1677,FALSE,431,407,-24
2450041,4,68,77,145,FALSE,68,4,-64
2450041,8,42,50,92,FALSE,42,3,-39
2450042,4,594,1109,1703,FALSE,594,257,-337
2450042,8,358,1161,1519,FALSE,358,401,43
2450043,4,576,973,1549,FALSE,576,198,-378
2450043,8,345,1042,1387,FALSE,345,348,3
2450044,4,222,300,522,FALSE,222,38,-184
2450044,8,209,258,467,FALSE,209,24,-185
2450045,4,493,319,812,TRUE,86,319,233
2450045,8,446,285,731,TRUE,80,285,205
NA,4,507,286,793,TRUE,110,286,176
NA,8,445,255,700,TRUE,94,255,161
NA,4,0,0,0,FALSE,0,-1,-1
NA,8,0,0,0,FALSE,0,-1,-1
2450047,4,308,205,513,TRUE,51,205,154
2450047,8,412,225,637,TRUE,93,225,132
2450048,4,601,280,881,TRUE,160,280,120
2450048,8,412,123,535,TRUE,144,123,-21
2450049,4,206,99,305,TRUE,53,99,46
2450049,8,197,76,273,TRUE,60,76,16
2450050,4,1107,269,1376,TRUE,418,269,-149
2450050,8,1151,186,1337,TRUE,482,186,-296
2450051,4,200,33,233,TRUE,83,33,-50
2450051,8,204,19,223,TRUE,92,19,-73
2450052,4,358,20,378,TRUE,168,20,-148
2450052,8,327,3,330,TRUE,161,3,-158
2450053,4,864,97,961,TRUE,383,97,-286
2450053,8,833,42,875,TRUE,395,42,-353
2450054,4,358,25,383,TRUE,166,25,-141
2450054,8,346,8,354,TRUE,168,8,-160
2450055,4,318,8,326,TRUE,154,8,-146
2450055,8,303,6,309,TRUE,148,6,-142
2450056,4,606,1439,2045,FALSE,606,416,-190
2450056,8,412,1557,1969,FALSE,412,572,160
2450057,4,163,10,173,TRUE,76,10,-66
2450057,8,146,7,153,TRUE,69,7,-62
2450058,4,546,28,574,TRUE,258,28,-230
2450058,8,541,5,546,TRUE,267,5,-262
2450059,4,967,32,999,TRUE,467,32,-435
2450059,8,890,8,898,TRUE,440,8,-432
2450060,4,845,1300,2145,FALSE,845,227,-618
2450060,8,491,1332,1823,FALSE,491,420,-71
2450061,4,425,485,910,FALSE,425,29,-396
2450061,8,401,649,1050,FALSE,401,123,-278
2450062,4,525,1436,1961,FALSE,525,455,-70
2450062,8,478,1376,1854,FALSE,478,448,-30
2450063,4,885,82,967,TRUE,401,82,-319
2450063,8,1005,37,1042,TRUE,483,37,-446
2450064,4,437,162,599,TRUE,137,162,25
2450064,8,449,130,579,TRUE,159,130,-29
2450065,4,337,1098,1435,FALSE,337,380,43
2450065,8,325,1049,1374,FALSE,325,361,36
2450066,4,265,965,1230,FALSE,265,349,84
2450066,8,239,953,1192,FALSE,239,356,117
2450067,4,1265,268,1533,TRUE,498,268,-230
2450067,8,1401,212,1613,TRUE,594,212,-382
2450068,4,585,1004,1589,FALSE,585,209,-376
2450068,8,563,956,1519,FALSE,563,196,-367
2450069,4,728,1464,2192,FALSE,728,367,-361
2450069,8,446,1512,1958,FALSE,446,532,86
2450070,4,417,420,837,FALSE,417,1,-416
2450070,8,460,409,869,TRUE,25,409,384
2450071,4,100,162,262,FALSE,100,30,-70
2450071,8,46,171,217,FALSE,46,62,16
2450072,4,433,600,1033,FALSE,433,83,-350
2450072,8,585,573,1158,TRUE,5,573,568
2450073,4,466,1450,1916,FALSE,466,491,25
2450073,8,513,1397,1910,FALSE,513,441,-72
2450074,4,541,1329,1870,FALSE,541,393,-148
2450074,8,358,1487,1845,FALSE,358,564,206
2450075,4,353,106,459,TRUE,123,106,-17
2450075,8,468,65,533,TRUE,201,65,-136
2450076,4,585,279,864,TRUE,152,279,127
2450076,8,569,223,792,TRUE,172,223,51
2450077,4,581,38,619,TRUE,271,38,-233
2450077,8,611,29,640,TRUE,290,29,-261
2450078,4,640,796,1436,FALSE,640,77,-563
2450078,8,707,710,1417,FALSE,707,1,-706
2450079,4,406,957,1363,FALSE,406,275,-131
2450079,8,449,896,1345,FALSE,449,223,-226
2450080,4,0,1,1,FALSE,0,0,0
2450080,8,0,2,2,FALSE,0,0,0
2450081,4,595,34,629,TRUE,280,34,-246
2450081,8,592,20,612,TRUE,285,20,-265
2450082,4,787,659,1446,TRUE,63,659,596
2450082,8,823,617,1440,TRUE,102,617,515
2450083,4,243,578,821,FALSE,243,167,-76
2450083,8,139,579,718,FALSE,139,219,80
2450084,4,830,45,875,TRUE,392,45,-347
2450084,8,808,25,833,TRUE,391,25,-366
2450085,4,584,107,691,TRUE,238,107,-131
2450085,8,677,90,767,TRUE,293,90,-203
2450086,4,315,502,817,FALSE,315,93,-222
2450086,8,329,444,773,FALSE,329,57,-272
2450087,4,518,198,716,TRUE,159,198,39
2450087,8,550,114,664,TRUE,217,114,-103
2450088,4,239,268,507,FALSE,239,14,-225
2450088,8,313,229,542,TRUE,41,229,188
2450089,4,226,132,358,TRUE,46,132,86
2450089,8,219,110,329,TRUE,54,110,56
2450090,4,65,111,176,FALSE,65,22,-43
2450090,8,132,106,238,TRUE,12,106,94
2450091,4,24,119,143,FALSE,24,47,23
2450091,8,27,186,213,FALSE,27,79,52
2450092,4,426,623,1049,FALSE,426,98,-328
2450092,8,268,626,894,FALSE,268,178,-90
2450093,4,148,48,196,TRUE,49,48,-1
2450093,8,333,101,434,TRUE,115,101,-14
2450094,4,4,20,24,FALSE,4,7,3
2450094,8,4,17,21,FALSE,4,6,2
2450095,4,150,243,393,FALSE,150,46,-104
2450095,8,115,224,339,FALSE,115,54,-61
2450096,4,217,110,327,TRUE,53,110,57
2450096,8,216,97,313,TRUE,59,97,38
NA,4,0,0,0,FALSE,0,-1,-1
NA,8,0,0,0,FALSE,0,-1,-1
NA,4,0,0,0,FALSE,0,-1,-1
NA,8,0,0,0,FALSE,0,-1,-1
NA,4,0,0,0,FALSE,0,-1,-1
NA,8,0,0,0,FALSE,0,-1,-1
2450098,4,24,38,62,FALSE,24,6,-18
2450098,8,11,42,53,FALSE,11,15,4
2450099,4,225,188,413,TRUE,18,188,170
2450099,8,269,141,410,TRUE,63,141,78
2450100,4,2,1,3,TRUE,0,1,1
2450100,8,2,8,10,FALSE,2,2,0
2450101,4,1,0,1,TRUE,0,0,0
2450101,8,0,1,1,FALSE,0,0,0
2450102,4,15,16,31,FALSE,15,0,-15
2450102,8,17,8,25,TRUE,4,8,4
NA,4,0,0,0,FALSE,0,-1,-1
NA,8,0,0,0,FALSE,0,-1,-1
NA,4,0,0,0,FALSE,0,-1,-1
NA,8,0,0,0,FALSE,0,-1,-1
2450104,4,331,1043,1374,FALSE,331,355,24
2450104,8,340,1086,1426,FALSE,340,372,32
2450105,4,0,0,0,FALSE,0,-1,-1
2450105,8,0,1,1,FALSE,0,0,0
2450106,4,2,3,5,FALSE,2,0,-2
2450106,8,0,3,3,FALSE,0,1,1
2450107,4,0,0,0,FALSE,0,-1,-1
2450107,8,0,0,0,FALSE,0,-1,-1
2450108,4,66,194,260,FALSE,66,63,-3
2450108,8,52,219,271,FALSE,52,83,31
2450109,4,2,8,10,FALSE,2,2,0
2450109,8,1,2,3,FALSE,1,0,-1
2450110,4,0,0,0,FALSE,0,-1,-1
2450110,8,0,0,0,FALSE,0,-1,-1
2450111,4,0,0,0,FALSE,0,-1,-1
2450111,8,0,0,0,FALSE,0,-1,-1
2450112,4,0,0,0,FALSE,0,-1,-1
2450112,8,0,0,0,FALSE,0,-1,-1
2450113,4,0,0,0,FALSE,0,-1,-1
2450113,8,0,0,0,FALSE,0,-1,-1
2450114,4,0,0,0,FALSE,0,-1,-1
2450114,8,0,2,2,FALSE,0,0,0
2450115,4,0,0,0,FALSE,0,-1,-1
2450115,8,0,0,0,FALSE,0,-1,-1
2450116,4,394,896,1290,FALSE,394,250,-144
2450116,8,508,1008,1516,FALSE,508,249,-259
2470001,4,335,140,475,TRUE,97,140,43
2470001,8,334,88,422,TRUE,122,88,-34
2470002,4,321,241,562,TRUE,39,241,202
2470002,8,343,174,517,TRUE,84,174,90
2470003,4,368,184,552,TRUE,91,184,93
2470003,8,312,105,417,TRUE,103,105,2
2470004,4,317,139,456,TRUE,88,139,51
2470004,8,338,103,441,TRUE,117,103,-14
2470005,4,3,8,11,FALSE,3,2,-1
2470005,8,9,2,11,TRUE,3,2,-1
2490001,4,141,139,280,TRUE,0,139,139
2490001,8,164,76,240,TRUE,43,76,33
2490002,4,83,105,188,FALSE,83,10,-73
2490002,8,68,130,198,FALSE,68,30,-38
2490003,4,126,383,509,FALSE,126,128,2
2490003,8,159,413,572,FALSE,159,126,-33
2490004,4,485,376,861,TRUE,54,376,322
2490004,8,436,304,740,TRUE,65,304,239
2490005,4,136,24,160,TRUE,55,24,-31
2490005,8,108,13,121,TRUE,47,13,-34
2490006,4,348,129,477,TRUE,109,129,20
2490006,8,326,95,421,TRUE,115,95,-20
2490007,4,481,1114,1595,FALSE,481,316,-165
2490007,8,503,911,1414,FALSE,503,203,-300
2490008,4,520,1030,1550,FALSE,520,254,-266
2490008,8,562,918,1480,FALSE,562,177,-385
2490009,4,159,112,271,TRUE,23,112,89
2490009,8,191,96,287,TRUE,47,96,49
2490010,4,792,306,1098,TRUE,242,306,64
2490010,8,679,181,860,TRUE,248,181,-67
2490011,4,360,148,508,TRUE,105,148,43
2490011,8,310,134,444,TRUE,87,134,47
2490012,4,624,563,1187,TRUE,30,563,533
2490012,8,594,402,996,TRUE,95,402,307
2490013,4,132,36,168,TRUE,47,36,-11
2490013,8,96,14,110,TRUE,40,14,-26
2490014,4,53,72,125,FALSE,53,9,-44
2490014,8,50,56,106,FALSE,50,2,-48
2490015,4,407,374,781,TRUE,16,374,358
2490015,8,490,311,801,TRUE,89,311,222
2490016,4,393,90,483,TRUE,151,90,-61
2490016,8,352,65,417,TRUE,143,65,-78
2490017,4,424,248,672,TRUE,87,248,161
2490017,8,443,218,661,TRUE,112,218,106
2490018,4,109,71,180,TRUE,18,71,53
2490018,8,125,70,195,TRUE,27,70,43
2490019,4,34,115,149,FALSE,34,40,6
2490019,8,36,111,147,FALSE,36,37,1
2490020,4,451,126,577,TRUE,162,126,-36
2490020,8,385,87,472,TRUE,148,87,-61
2490022,4,566,247,813,TRUE,159,247,88
2490022,8,629,236,865,TRUE,196,236,40
250001,4,520,749,1269,FALSE,520,114,-406
250001,8,499,673,1172,FALSE,499,86,-413
250002,4,30,153,183,FALSE,30,61,31
250002,8,22,150,172,FALSE,22,63,41
250003,4,378,626,1004,FALSE,378,123,-255
250003,8,368,485,853,FALSE,368,58,-310
250004,4,46,142,188,FALSE,46,47,1
250004,8,69,116,185,FALSE,69,23,-46
250005,4,90,158,248,FALSE,90,33,-57
250005,8,100,112,212,FALSE,100,5,-95
250006,4,246,433,679,FALSE,246,93,-153
250006,8,207,394,601,FALSE,207,93,-114
250008,4,59,126,185,FALSE,59,33,-26
250008,8,48,116,164,FALSE,48,33,-15
250009,4,389,164,553,TRUE,112,164,52
250009,8,280,74,354,TRUE,102,74,-28
250010,4,606,314,920,TRUE,145,314,169
250010,8,433,186,619,TRUE,123,186,63
250011,4,79,91,170,FALSE,79,5,-74
250011,8,75,82,157,FALSE,75,3,-72
250012,4,61,132,193,FALSE,61,35,-26
250012,8,52,109,161,FALSE,52,28,-24
250013,4,311,516,827,FALSE,311,102,-209
250013,8,275,434,709,FALSE,275,79,-196
250014,4,70,92,162,FALSE,70,10,-60
250014,8,54,90,144,FALSE,54,17,-37
250016,4,230,453,683,FALSE,230,111,-119
250016,8,255,362,617,FALSE,255,53,-202
250017,4,375,368,743,TRUE,3,368,365
250017,8,371,303,674,TRUE,33,303,270
250018,4,254,776,1030,FALSE,254,260,6
250018,8,302,688,990,FALSE,302,192,-110
250019,4,301,135,436,TRUE,82,135,53
250019,8,235,97,332,TRUE,68,97,29
2510001,4,123,367,490,FALSE,123,121,-2
2510001,8,119,388,507,FALSE,119,134,15
2510002,4,488,1294,1782,FALSE,488,402,-86
2510002,8,515,1520,2035,FALSE,515,502,-13
2510003,4,714,2119,2833,FALSE,714,702,-12
2510003,8,947,2743,3690,FALSE,947,897,-50
2510004,4,452,1263,1715,FALSE,452,405,-47
2510004,8,376,1231,1607,FALSE,376,427,51
2510005,4,590,1786,2376,FALSE,590,597,7
2510005,8,635,1926,2561,FALSE,635,645,10
2510006,4,30,85,115,FALSE,30,27,-3
2510006,8,33,170,203,FALSE,33,68,35
2510007,4,663,2530,3193,FALSE,663,933,270
2510007,8,751,2590,3341,FALSE,751,919,168
2510008,4,653,1836,2489,FALSE,653,591,-62
2510008,8,922,1839,2761,FALSE,922,458,-464
2510009,4,141,414,555,FALSE,141,136,-5
2510009,8,152,486,638,FALSE,152,166,14
2510010,4,504,1020,1524,FALSE,504,257,-247
2510010,8,516,1077,1593,FALSE,516,280,-236
2510011,4,640,1999,2639,FALSE,640,679,39
2510011,8,619,2018,2637,FALSE,619,699,80
2510012,4,464,1654,2118,FALSE,464,594,130
2510012,8,497,1714,2211,FALSE,497,608,111
2510013,4,234,796,1030,FALSE,234,280,46
2510013,8,225,805,1030,FALSE,225,289,64
2510014,4,150,607,757,FALSE,150,228,78
2510014,8,143,602,745,FALSE,143,229,86
2510015,4,198,617,815,FALSE,198,209,11
2510015,8,178,686,864,FALSE,178,253,75
2510016,4,112,419,531,FALSE,112,153,41
2510016,8,193,617,810,FALSE,193,211,18
2510017,4,631,1136,1767,FALSE,631,252,-379
2510017,8,538,1167,1705,FALSE,538,314,-224
2510018,4,728,1662,2390,FALSE,728,466,-262
2510018,8,703,1592,2295,FALSE,703,444,-259
2510019,4,799,2539,3338,FALSE,799,869,70
2510019,8,690,2374,3064,FALSE,690,841,151
2510020,4,435,357,792,TRUE,38,357,319
2510020,8,407,289,696,TRUE,58,289,231
2510021,4,432,1111,1543,FALSE,432,339,-93
2510021,8,423,1182,1605,FALSE,423,379,-44
2510022,4,462,1015,1477,FALSE,462,276,-186
2510022,8,524,1002,1526,FALSE,524,238,-286
2510023,4,390,764,1154,FALSE,390,186,-204
2510023,8,364,920,1284,FALSE,364,277,-87
2510024,4,196,509,705,FALSE,196,156,-40
2510024,8,202,500,702,FALSE,202,148,-54
2510025,4,237,558,795,FALSE,237,160,-77
2510025,8,233,475,708,FALSE,233,120,-113
2510026,4,165,593,758,FALSE,165,213,48
2510026,8,162,611,773,FALSE,162,224,62
2510027,4,296,943,1239,FALSE,296,323,27
2510027,8,279,966,1245,FALSE,279,343,64
2510028,4,354,836,1190,FALSE,354,240,-114
2510028,8,325,934,1259,FALSE,325,304,-21
2510029,4,159,545,704,FALSE,159,192,33
2510029,8,193,653,846,FALSE,193,229,36
2510030,4,20,86,106,FALSE,20,32,12
2510030,8,21,89,110,FALSE,21,33,12
2510031,4,124,411,535,FALSE,124,143,19
2510031,8,108,387,495,FALSE,108,139,31
2510032,4,310,1084,1394,FALSE,310,386,76
2510032,8,400,1115,1515,FALSE,400,357,-43
2510033,4,32,154,186,FALSE,32,60,28
2510033,8,23,155,178,FALSE,23,65,42
2510035,4,399,1709,2108,FALSE,399,654,255
2510035,8,487,1860,2347,FALSE,487,686,199
2530001,4,227,645,872,FALSE,227,208,-19
2530001,8,190,584,774,FALSE,190,196,6
2530002,4,78,101,179,FALSE,78,11,-67
2530002,8,73,55,128,TRUE,8,55,47
2530003,4,390,774,1164,FALSE,390,191,-199
2530003,8,359,654,1013,FALSE,359,147,-212
2530004,4,34,68,102,FALSE,34,16,-18
2530004,8,28,69,97,FALSE,28,20,-8
2530005,4,34,99,133,FALSE,34,32,-2
2530005,8,45,80,125,FALSE,45,17,-28
2530006,4,90,335,425,FALSE,90,122,32
2530006,8,96,394,490,FALSE,96,148,52
2530007,4,70,222,292,FALSE,70,75,5
2530007,8,56,190,246,FALSE,56,66,10
2530008,4,212,706,918,FALSE,212,246,34
2530008,8,172,723,895,FALSE,172,275,103
2530009,4,32,106,138,FALSE,32,36,4
2530009,8,37,109,146,FALSE,37,35,-2
2530010,4,10,75,85,FALSE,10,32,22
2530010,8,21,104,125,FALSE,21,41,20
2530011,4,3,23,26,FALSE,3,9,6
2530011,8,15,47,62,FALSE,15,15,0
2530012,4,299,594,893,FALSE,299,147,-152
2530012,8,268,688,956,FALSE,268,209,-59
2530013,4,90,189,279,FALSE,90,49,-41
2530013,8,106,165,271,FALSE,106,29,-77
2530014,4,89,317,406,FALSE,89,113,24
2530014,8,62,341,403,FALSE,62,139,77
2550001,4,326,438,764,FALSE,326,55,-271
2550001,8,481,375,856,TRUE,52,375,323
2550002,4,34,89,123,FALSE,34,27,-7
2550002,8,35,88,123,FALSE,35,26,-9
2550003,4,13,125,138,FALSE,13,55,42
2550003,8,13,122,135,FALSE,13,54,41
2550004,4,231,499,730,FALSE,231,133,-98
2550004,8,230,421,651,FALSE,230,95,-135
2550005,4,177,260,437,FALSE,177,41,-136
2550005,8,186,228,414,FALSE,186,20,-166
2550006,4,52,144,196,FALSE,52,45,-7
2550006,8,44,135,179,FALSE,44,45,1
2550007,4,53,332,385,FALSE,53,139,86
2550007,8,56,329,385,FALSE,56,136,80
2550008,4,41,84,125,FALSE,41,21,-20
2550008,8,51,84,135,FALSE,51,16,-35
2550009,4,34,94,128,FALSE,34,29,-5
2550009,8,35,87,122,FALSE,35,25,-10
2550010,4,32,171,203,FALSE,32,69,37
2550010,8,32,155,187,FALSE,32,61,29
2550011,4,119,308,427,FALSE,119,94,-25
2550011,8,169,237,406,FALSE,169,33,-136
2550012,4,103,259,362,FALSE,103,77,-26
2550012,8,102,245,347,FALSE,102,71,-31
2550013,4,6,24,30,FALSE,6,8,2
2550013,8,9,24,33,FALSE,9,7,-2
2550014,4,291,248,539,TRUE,21,248,227
2550014,8,291,169,460,TRUE,60,169,109
2550015,4,31,39,70,FALSE,31,3,-28
2550015,8,26,37,63,FALSE,26,5,-21
2570001,4,293,345,638,FALSE,293,25,-268
2570001,8,298,306,604,FALSE,298,3,-295
2570002,4,414,798,1212,FALSE,414,191,-223
2570002,8,399,738,1137,FALSE,399,169,-230
2570003,4,268,1199,1467,FALSE,268,465,197
2570003,8,791,1865,2656,FALSE,791,536,-255
2570004,4,343,1162,1505,FALSE,343,409,66
2570004,8,581,1451,2032,FALSE,581,434,-147
2570005,4,539,79,618,TRUE,229,79,-150
2570005,8,549,77,626,TRUE,235,77,-158
2570006,4,80,319,399,FALSE,80,119,39
2570006,8,104,322,426,FALSE,104,108,4
2570007,4,234,532,766,FALSE,234,148,-86
2570007,8,366,559,925,FALSE,366,96,-270
2570008,4,276,505,781,FALSE,276,114,-162
2570008,8,266,475,741,FALSE,266,104,-162
2570009,4,294,675,969,FALSE,294,190,-104
2570009,8,291,714,1005,FALSE,291,211,-80
2570010,4,202,714,916,FALSE,202,255,53
2570010,8,226,785,1011,FALSE,226,279,53
2570011,4,123,248,371,FALSE,123,62,-61
2570011,8,114,255,369,FALSE,114,70,-44
2570012,4,160,502,662,FALSE,160,170,10
2570012,8,150,500,650,FALSE,150,174,24
2570013,4,126,256,382,FALSE,126,64,-62
2570013,8,97,256,353,FALSE,97,79,-18
2570014,4,114,397,511,FALSE,114,141,27
2570014,8,119,384,503,FALSE,119,132,13
2570015,4,184,382,566,FALSE,184,98,-86
2570015,8,146,317,463,FALSE,146,85,-61
2570016,4,216,712,928,FALSE,216,247,31
2570016,8,216,697,913,FALSE,216,240,24
2570017,4,204,829,1033,FALSE,204,312,108
2570017,8,187,896,1083,FALSE,187,354,167
2570018,4,244,961,1205,FALSE,244,358,114
2570018,8,277,945,1222,FALSE,277,333,56
2570019,4,283,614,897,FALSE,283,165,-118
2570019,8,277,531,808,FALSE,277,126,-151
2570020,4,85,254,339,FALSE,85,84,-1
2570020,8,98,249,347,FALSE,98,75,-23
2570021,4,138,348,486,FALSE,138,104,-34
2570021,8,117,339,456,FALSE,117,110,-7
2570022,4,125,446,571,FALSE,125,160,35
2570022,8,134,530,664,FALSE,134,197,63
2570023,4,174,422,596,FALSE,174,123,-51
2570023,8,192,442,634,FALSE,192,124,-68
2570024,4,143,476,619,FALSE,143,166,23
2570024,8,183,519,702,FALSE,183,167,-16
2570025,4,332,670,1002,FALSE,332,168,-164
2570025,8,550,932,1482,FALSE,550,190,-360
2570026,4,749,63,812,TRUE,342,63,-279
2570026,8,818,32,850,TRUE,392,32,-360
2570027,4,296,833,1129,FALSE,296,268,-28
2570027,8,296,805,1101,FALSE,296,254,-42
2570028,4,230,676,906,FALSE,230,222,-8
2570028,8,222,658,880,FALSE,222,217,-5
2570029,4,59,187,246,FALSE,59,63,4
2570029,8,100,231,331,FALSE,100,65,-35
2570030,4,153,579,732,FALSE,153,212,59
2570030,8,222,629,851,FALSE,222,203,-19
2570031,4,61,220,281,FALSE,61,79,18
2570031,8,78,216,294,FALSE,78,68,-10
2570032,4,331,1209,1540,FALSE,331,438,107
2570032,8,655,1764,2419,FALSE,655,554,-101
2570033,4,186,473,659,FALSE,186,143,-43
2570033,8,165,498,663,FALSE,165,166,1
2570034,4,282,92,374,TRUE,94,92,-2
2570034,8,369,89,458,TRUE,139,89,-50
2570035,4,150,440,590,FALSE,150,144,-6
2570035,8,167,405,572,FALSE,167,118,-49
NA,4,55,177,232,FALSE,55,60,5
NA,8,53,170,223,FALSE,53,58,5
NA,4,0,0,0,FALSE,0,-1,-1
NA,8,0,0,0,FALSE,0,-1,-1
2570037,4,209,778,987,FALSE,209,284,75
2570037,8,357,1172,1529,FALSE,357,407,50
2570038,4,70,163,233,FALSE,70,46,-24
2570038,8,88,113,201,FALSE,88,12,-76
2570039,4,46,241,287,FALSE,46,97,51
2570039,8,67,254,321,FALSE,67,93,26
2570040,4,335,789,1124,FALSE,335,226,-109
2570040,8,655,1059,1714,FALSE,655,201,-454
2570041,4,135,510,645,FALSE,135,187,52
2570041,8,115,523,638,FALSE,115,203,88
2570042,4,6,17,23,FALSE,6,5,-1
2570042,8,6,33,39,FALSE,6,13,7
NA,4,123,420,543,FALSE,123,148,25
NA,8,151,378,529,FALSE,151,113,-38
NA,4,181,897,1078,FALSE,181,357,176
NA,8,267,1133,1400,FALSE,267,432,165
NA,4,179,937,1116,FALSE,179,378,199
NA,8,252,1095,1347,FALSE,252,421,169
NA,4,367,1691,2058,FALSE,367,661,294
NA,8,547,1786,2333,FALSE,547,619,72
NA,4,293,1189,1482,FALSE,293,447,154
NA,8,376,1170,1546,FALSE,376,396,20
NA,4,50,323,373,FALSE,50,136,86
NA,8,68,299,367,FALSE,68,115,47
NA,4,35,182,217,FALSE,35,73,38
NA,8,43,185,228,FALSE,43,70,27
NA,4,561,2518,3079,FALSE,561,978,417
NA,8,744,2983,3727,FALSE,744,1119,375
NA,4,118,610,728,FALSE,118,245,127
NA,8,174,592,766,FALSE,174,208,34
NA,4,160,790,950,FALSE,160,314,154
NA,8,232,859,1091,FALSE,232,313,81
NA,4,464,1871,2335,FALSE,464,703,239
NA,8,745,2491,3236,FALSE,745,872,127
2610001,4,20,21,41,FALSE,20,0,-20
2610001,8,34,24,58,TRUE,4,24,20
2610002,4,27,13,40,TRUE,6,13,7
2610002,8,43,23,66,TRUE,9,23,14
2610003,4,5,5,10,FALSE,5,-1,-6
2610003,8,0,0,0,FALSE,0,-1,-1
2610004,4,9,22,31,FALSE,9,6,-3
2610004,8,13,38,51,FALSE,13,12,-1
2610005,4,15,11,26,TRUE,1,11,10
2610005,8,3,1,4,TRUE,0,1,1
2610006,4,9,10,19,FALSE,9,0,-9
2610006,8,15,8,23,TRUE,3,8,5
2630101,4,46,110,156,FALSE,46,31,-15
2630101,8,23,107,130,FALSE,23,41,18
2630201,4,14,48,62,FALSE,14,16,2
2630201,8,5,26,31,FALSE,5,10,5
2630202,4,12,32,44,FALSE,12,9,-3
2630202,8,10,61,71,FALSE,10,25,15
2630301,4,28,86,114,FALSE,28,28,0
2630301,8,24,62,86,FALSE,24,18,-6
2630302,4,12,32,44,FALSE,12,9,-3
2630302,8,8,37,45,FALSE,8,14,6
2630401,4,26,74,100,FALSE,26,23,-3
2630401,8,30,51,81,FALSE,30,10,-20
2650101,4,338,1152,1490,FALSE,338,406,68
2650101,8,430,1380,1810,FALSE,430,474,44
2650107,4,120,535,655,FALSE,120,207,87
2650107,8,124,455,579,FALSE,124,165,41
2650109,4,196,782,978,FALSE,196,292,96
2650109,8,199,749,948,FALSE,199,274,75
2650113,4,258,914,1172,FALSE,258,327,69
2650113,8,284,904,1188,FALSE,284,309,25
2650118,4,75,208,283,FALSE,75,66,-9
2650118,8,89,172,261,FALSE,89,41,-48
2650119,4,327,1116,1443,FALSE,327,394,67
2650119,8,420,1143,1563,FALSE,420,361,-59
2650202,4,267,1025,1292,FALSE,267,378,111
2650202,8,310,1071,1381,FALSE,310,380,70
2650211,4,282,1468,1750,FALSE,282,592,310
2650211,8,424,1400,1824,FALSE,424,487,63
2650215,4,373,1687,2060,FALSE,373,656,283
2650215,8,498,1752,2250,FALSE,498,626,128
2650303,4,46,251,297,FALSE,46,102,56
2650303,8,62,299,361,FALSE,62,118,56
2650308,4,57,208,265,FALSE,57,75,18
2650308,8,65,223,288,FALSE,65,78,13
2650312,4,591,1513,2104,FALSE,591,460,-131
2650312,8,697,1446,2143,FALSE,697,374,-323
2650314,4,405,757,1162,FALSE,405,175,-230
2650314,8,510,676,1186,FALSE,510,82,-428
2650320,4,51,216,267,FALSE,51,82,31
2650320,8,56,209,265,FALSE,56,76,20
2650404,4,47,305,352,FALSE,47,128,81
2650404,8,77,356,433,FALSE,77,139,62
2650405,4,211,822,1033,FALSE,211,305,94
2650405,8,264,864,1128,FALSE,264,299,35
2650406,4,434,1745,2179,FALSE,434,655,221
2650406,8,514,1716,2230,FALSE,514,600,86
2650410,4,43,234,277,FALSE,43,95,52
2650410,8,35,278,313,FALSE,35,121,86
2650416,4,163,630,793,FALSE,163,233,70
2650416,8,218,694,912,FALSE,218,237,19
2650417,4,272,962,1234,FALSE,272,344,72
2650417,8,294,965,1259,FALSE,294,335,41
2670001,4,92,370,462,FALSE,92,138,46
2670001,8,81,384,465,FALSE,81,151,70
2670002,4,46,185,231,FALSE,46,69,23
2670002,8,48,183,231,FALSE,48,67,19
2670003,4,10,150,160,FALSE,10,69,59
2670003,8,15,141,156,FALSE,15,62,47
2670004,4,42,202,244,FALSE,42,79,37
2670004,8,48,174,222,FALSE,48,62,14
2670006,4,52,147,199,FALSE,52,47,-5
2670006,8,35,150,185,FALSE,35,57,22
2670007,4,36,145,181,FALSE,36,54,18
2670007,8,33,167,200,FALSE,33,66,33
2670009,4,46,280,326,FALSE,46,116,70
2670009,8,81,288,369,FALSE,81,103,22
2690001,4,6,37,43,FALSE,6,15,9
2690001,8,2,38,40,FALSE,2,17,15
2690002,4,4,30,34,FALSE,4,12,8
2690002,8,0,37,37,FALSE,0,18,18
NA,4,1,11,12,FALSE,1,4,3
NA,8,1,14,15,FALSE,1,6,5
NA,4,1,27,28,FALSE,1,12,11
NA,8,3,30,33,FALSE,3,13,10
NA,4,6,22,28,FALSE,6,7,1
NA,8,2,22,24,FALSE,2,9,7
NA,4,0,10,10,FALSE,0,4,4
NA,8,0,10,10,FALSE,0,4,4
270101,4,584,2469,3053,FALSE,584,942,358
270101,8,846,2414,3260,FALSE,846,783,-63
270102,4,398,1343,1741,FALSE,398,472,74
270102,8,408,1215,1623,FALSE,408,403,-5
270103,4,666,1633,2299,FALSE,666,483,-183
270103,8,777,1510,2287,FALSE,777,366,-411
270104,4,492,2068,2560,FALSE,492,787,295
270104,8,675,2177,2852,FALSE,675,750,75
270105,4,189,725,914,FALSE,189,267,78
270105,8,194,755,949,FALSE,194,280,86
270106,4,1551,1393,2944,TRUE,78,1393,1315
270106,8,2108,994,3102,TRUE,556,994,438
270107,4,119,216,335,FALSE,119,48,-71
270107,8,147,172,319,FALSE,147,12,-135
270108,4,199,683,882,FALSE,199,241,42
270108,8,189,732,921,FALSE,189,271,82
270109,4,756,2363,3119,FALSE,756,803,47
270109,8,1055,2479,3534,FALSE,1055,711,-344
270110,4,511,701,1212,FALSE,511,94,-417
270110,8,467,470,937,FALSE,467,1,-466
270111,4,337,1536,1873,FALSE,337,599,262
270111,8,832,2076,2908,FALSE,832,621,-211
270112,4,0,0,0,FALSE,0,-1,-1
270112,8,0,0,0,FALSE,0,-1,-1
270201,4,593,1144,1737,FALSE,593,275,-318
270201,8,1035,1028,2063,TRUE,3,1028,1025
270202,4,824,2471,3295,FALSE,824,823,-1
270202,8,1329,2168,3497,FALSE,1329,419,-910
270203,4,737,2802,3539,FALSE,737,1032,295
270203,8,872,3103,3975,FALSE,872,1115,243
270204,4,647,865,1512,FALSE,647,108,-539
270204,8,794,617,1411,TRUE,88,617,529
270205,4,1208,1222,2430,FALSE,1208,6,-1202
270205,8,1854,937,2791,TRUE,458,937,479
270206,4,415,1326,1741,FALSE,415,455,40
270206,8,889,1591,2480,FALSE,889,350,-539
270207,4,636,840,1476,FALSE,636,101,-535
270207,8,966,615,1581,TRUE,175,615,440
270208,4,1641,1852,3493,FALSE,1641,105,-1536
270208,8,2949,1587,4536,TRUE,680,1587,907
270209,4,594,1449,2043,FALSE,594,427,-167
270209,8,1562,1726,3288,FALSE,1562,81,-1481
270210,4,86,320,406,FALSE,86,116,30
270210,8,440,548,988,FALSE,440,53,-387
270301,4,409,1477,1886,FALSE,409,533,124
270301,8,432,1514,1946,FALSE,432,540,108
270302,4,696,1709,2405,FALSE,696,506,-190
270302,8,865,1484,2349,FALSE,865,309,-556
270303,4,938,1717,2655,FALSE,938,389,-549
270303,8,1194,1446,2640,FALSE,1194,125,-1069
270304,4,118,357,475,FALSE,118,119,1
270304,8,145,336,481,FALSE,145,95,-50
270305,4,541,1347,1888,FALSE,541,402,-139
270305,8,590,1314,1904,FALSE,590,361,-229
270306,4,613,462,1075,TRUE,75,462,387
270306,8,746,442,1188,TRUE,151,442,291
270307,4,1005,458,1463,TRUE,273,458,185
270307,8,1287,328,1615,TRUE,479,328,-151
270308,4,386,526,912,FALSE,386,69,-317
270308,8,526,409,935,TRUE,58,409,351
270309,4,93,388,481,FALSE,93,147,54
270309,8,93,373,466,FALSE,93,139,46
270310,4,65,191,256,FALSE,65,62,-3
270310,8,53,222,275,FALSE,53,84,31
270311,4,305,1065,1370,FALSE,305,379,74
270311,8,338,1130,1468,FALSE,338,395,57
270312,4,253,815,1068,FALSE,253,280,27
270312,8,289,811,1100,FALSE,289,260,-29
270313,4,537,1586,2123,FALSE,537,524,-13
270313,8,599,1395,1994,FALSE,599,397,-202
270314,4,608,1158,1766,FALSE,608,274,-334
270314,8,667,1027,1694,FALSE,667,179,-488
270315,4,60,239,299,FALSE,60,89,29
270315,8,106,320,426,FALSE,106,106,0
270316,4,0,0,0,FALSE,0,-1,-1
270316,8,11,43,54,FALSE,11,15,4
270317,4,0,0,0,FALSE,0,-1,-1
270317,8,0,0,0,FALSE,0,-1,-1
270401,4,116,445,561,FALSE,116,164,48
270401,8,192,464,656,FALSE,192,135,-57
270402,4,211,925,1136,FALSE,211,356,145
270402,8,329,1009,1338,FALSE,329,339,10
270403,4,692,766,1458,FALSE,692,36,-656
270403,8,896,583,1479,TRUE,156,583,427
270404,4,1357,1342,2699,TRUE,7,1342,1335
270404,8,1807,913,2720,TRUE,446,913,467
270405,4,1928,1958,3886,FALSE,1928,14,-1914
270405,8,4701,1929,6630,TRUE,1385,1929,544
270406,4,699,1065,1764,FALSE,699,182,-517
270406,8,916,754,1670,TRUE,80,754,674
270407,4,190,129,319,TRUE,30,129,99
270407,8,217,91,308,TRUE,62,91,29
270408,4,1159,1407,2566,FALSE,1159,123,-1036
270408,8,1718,1112,2830,TRUE,302,1112,810
270409,4,131,329,460,FALSE,131,98,-33
270409,8,226,315,541,FALSE,226,44,-182
270410,4,636,600,1236,TRUE,17,600,583
270410,8,854,425,1279,TRUE,214,425,211
270411,4,236,253,489,FALSE,236,8,-228
270411,8,228,139,367,TRUE,44,139,95
2710001,4,139,239,378,FALSE,139,49,-90
2710001,8,153,205,358,FALSE,153,25,-128
2710002,4,158,212,370,FALSE,158,26,-132
2710002,8,169,156,325,TRUE,6,156,150
2710003,4,105,166,271,FALSE,105,30,-75
2710003,8,176,107,283,TRUE,34,107,73
2710004,4,140,434,574,FALSE,140,146,6
2710004,8,135,439,574,FALSE,135,151,16
2730011,4,225,446,671,FALSE,225,110,-115
2730011,8,301,486,787,FALSE,301,92,-209
2730012,4,246,453,699,FALSE,246,103,-143
2730012,8,283,451,734,FALSE,283,83,-200
2730013,4,424,450,874,FALSE,424,12,-412
2730013,8,456,363,819,TRUE,46,363,317
2730014,4,181,156,337,TRUE,12,156,144
2730014,8,176,98,274,TRUE,38,98,60
2730015,4,169,327,496,FALSE,169,78,-91
2730015,8,191,246,437,FALSE,191,27,-164
2730021,4,147,52,199,TRUE,47,52,5
2730021,8,165,49,214,TRUE,57,49,-8
2730022,4,242,282,524,FALSE,242,19,-223
2730022,8,260,225,485,TRUE,17,225,208
2730023,4,376,267,643,TRUE,54,267,213
2730023,8,365,207,572,TRUE,78,207,129
2730024,4,281,398,679,FALSE,281,58,-223
2730024,8,373,351,724,TRUE,10,351,341
2730025,4,27,58,85,FALSE,27,15,-12
2730025,8,38,45,83,FALSE,38,3,-35
2730031,4,258,548,806,FALSE,258,144,-114
2730031,8,337,468,805,FALSE,337,65,-272
2730032,4,261,346,607,FALSE,261,42,-219
2730032,8,322,296,618,TRUE,12,296,284
2730033,4,168,204,372,FALSE,168,17,-151
2730033,8,192,196,388,FALSE,192,1,-191
2730034,4,63,238,301,FALSE,63,87,24
2730034,8,89,243,332,FALSE,89,76,-13
2730035,4,202,322,524,FALSE,202,59,-143
2730035,8,274,280,554,FALSE,274,2,-272
2730041,4,180,110,290,TRUE,34,110,76
2730041,8,229,73,302,TRUE,77,73,-4
2730042,4,278,127,405,TRUE,75,127,52
2730042,8,329,82,411,TRUE,123,82,-41
2730043,4,325,271,596,TRUE,26,271,245
2730043,8,359,218,577,TRUE,70,218,148
2730044,4,168,144,312,TRUE,11,144,133
2730044,8,169,91,260,TRUE,38,91,53
2730045,4,329,159,488,TRUE,84,159,75
2730045,8,348,72,420,TRUE,137,72,-65
2750001,4,17,84,101,FALSE,17,33,16
2750001,8,17,73,90,FALSE,17,27,10
2750002,4,6,14,20,FALSE,6,3,-3
2750002,8,2,9,11,FALSE,2,3,1
2750003,4,8,16,24,FALSE,8,3,-5
2750003,8,8,15,23,FALSE,8,3,-5
2750004,4,18,27,45,FALSE,18,4,-14
2750004,8,6,29,35,FALSE,6,11,5
2750005,4,35,56,91,FALSE,35,10,-25
2750005,8,27,53,80,FALSE,27,12,-15
2750008,4,9,68,77,FALSE,9,29,20
2750008,8,14,74,88,FALSE,14,29,15
NA,4,110,276,386,FALSE,110,82,-28
NA,8,72,238,310,FALSE,72,82,10
NA,4,93,161,254,FALSE,93,33,-60
NA,8,72,149,221,FALSE,72,38,-34
NA,4,81,129,210,FALSE,81,23,-58
NA,8,58,113,171,FALSE,58,27,-31
NA,4,87,250,337,FALSE,87,81,-6
NA,8,90,233,323,FALSE,90,71,-19
NA,4,23,70,93,FALSE,23,23,0
NA,8,14,66,80,FALSE,14,25,11
NA,4,39,128,167,FALSE,39,44,5
NA,8,23,151,174,FALSE,23,63,40
NA,4,228,886,1114,FALSE,228,328,100
NA,8,228,906,1134,FALSE,228,338,110
277001,4,115,307,422,FALSE,115,95,-20
277001,8,96,345,441,FALSE,96,124,28
NA,4,107,370,477,FALSE,107,131,24
NA,8,92,421,513,FALSE,92,164,72
NA,4,108,233,341,FALSE,108,62,-46
NA,8,81,246,327,FALSE,81,82,1
NA,4,44,160,204,FALSE,44,57,13
NA,8,59,237,296,FALSE,59,88,29
NA,4,24,72,96,FALSE,24,23,-1
NA,8,16,56,72,FALSE,16,19,3
NA,4,156,237,393,FALSE,156,40,-116
NA,8,163,281,444,FALSE,163,58,-105
277002,4,50,252,302,FALSE,50,100,50
277002,8,55,306,361,FALSE,55,125,70
NA,4,19,47,66,FALSE,19,13,-6
NA,8,20,72,92,FALSE,20,25,5
NA,4,60,132,192,FALSE,60,35,-25
NA,8,51,133,184,FALSE,51,40,-11
NA,4,62,60,122,TRUE,0,60,60
NA,8,57,71,128,FALSE,57,6,-51
NA,4,132,300,432,FALSE,132,83,-49
NA,8,107,347,454,FALSE,107,119,12
277003,4,282,1088,1370,FALSE,282,402,120
277003,8,268,1165,1433,FALSE,268,448,180
NA,4,76,225,301,FALSE,76,74,-2
NA,8,58,256,314,FALSE,58,98,40
NA,4,87,299,386,FALSE,87,105,18
NA,8,74,351,425,FALSE,74,138,64
NA,4,267,774,1041,FALSE,267,253,-14
NA,8,222,814,1036,FALSE,222,295,73
NA,4,76,145,221,FALSE,76,34,-42
NA,8,73,169,242,FALSE,73,47,-26
NA,4,161,511,672,FALSE,161,174,13
NA,8,110,548,658,FALSE,110,218,108
277004,4,96,286,382,FALSE,96,94,-2
277004,8,60,343,403,FALSE,60,141,81
NA,4,42,238,280,FALSE,42,97,55
NA,8,56,257,313,FALSE,56,100,44
NA,4,291,1399,1690,FALSE,291,553,262
NA,8,346,1564,1910,FALSE,346,608,262
NA,4,70,204,274,FALSE,70,66,-4
NA,8,83,216,299,FALSE,83,66,-17
NA,4,0,1,1,FALSE,0,0,0
NA,8,0,2,2,FALSE,0,0,0
NA,4,445,530,975,FALSE,445,42,-403
NA,8,519,563,1082,FALSE,519,21,-498
NA,4,568,169,737,TRUE,199,169,-30
NA,8,573,168,741,TRUE,202,168,-34
NA,4,381,141,522,TRUE,119,141,22
NA,8,441,133,574,TRUE,153,133,-20
NA,4,8,4,12,TRUE,1,4,3
NA,8,11,3,14,TRUE,3,3,0
NA,4,301,496,797,FALSE,301,97,-204
NA,8,308,515,823,FALSE,308,103,-205
NA,4,650,1373,2023,FALSE,650,361,-289
NA,8,639,1322,1961,FALSE,639,341,-298
NA,4,88,157,245,FALSE,88,34,-54
NA,8,94,160,254,FALSE,94,32,-62
NA,4,282,760,1042,FALSE,282,238,-44
NA,8,246,765,1011,FALSE,246,259,13
2790001,4,99,364,463,FALSE,99,132,33
2790001,8,146,431,577,FALSE,146,142,-4
2790002,4,87,200,287,FALSE,87,56,-31
2790002,8,154,148,302,TRUE,2,148,146
2790003,4,68,346,414,FALSE,68,138,70
2790003,8,92,365,457,FALSE,92,136,44
2790004,4,8,43,51,FALSE,8,17,9
2790004,8,6,50,56,FALSE,6,21,15
2790005,4,33,208,241,FALSE,33,87,54
2790005,8,62,208,270,FALSE,62,72,10
2790006,4,32,116,148,FALSE,32,41,9
2790006,8,58,128,186,FALSE,58,34,-24
2790007,4,27,88,115,FALSE,27,30,3
2790007,8,32,107,139,FALSE,32,37,5
2790008,4,234,1010,1244,FALSE,234,387,153
2790008,8,312,897,1209,FALSE,312,292,-20
2790009,4,86,401,487,FALSE,86,157,71
2790009,8,114,357,471,FALSE,114,121,7
2790010,4,91,186,277,FALSE,91,47,-44
2790010,8,76,192,268,FALSE,76,57,-19
2790011,4,68,339,407,FALSE,68,135,67
2790011,8,83,341,424,FALSE,83,128,45
2790012,4,24,109,133,FALSE,24,42,18
2790012,8,21,120,141,FALSE,21,49,28
2810001,4,305,1023,1328,FALSE,305,358,53
2810001,8,428,1032,1460,FALSE,428,301,-127
2810002,4,399,1488,1887,FALSE,399,544,145
2810002,8,458,1474,1932,FALSE,458,507,49
2810003,4,201,393,594,FALSE,201,95,-106
2810003,8,192,406,598,FALSE,192,106,-86
2810004,4,242,732,974,FALSE,242,244,2
2810004,8,269,757,1026,FALSE,269,243,-26
2810005,4,61,323,384,FALSE,61,130,69
2810005,8,72,333,405,FALSE,72,130,58
2810006,4,26,133,159,FALSE,26,53,27
2810006,8,25,141,166,FALSE,25,57,32
2810007,4,106,344,450,FALSE,106,118,12
2810007,8,111,364,475,FALSE,111,126,15
2810008,4,125,489,614,FALSE,125,181,56
2810008,8,196,618,814,FALSE,196,210,14
2810009,4,36,112,148,FALSE,36,37,1
2810009,8,31,118,149,FALSE,31,43,12
2810010,4,92,385,477,FALSE,92,146,54
2810010,8,121,408,529,FALSE,121,143,22
2830001,4,247,353,600,FALSE,247,52,-195
2830001,8,220,290,510,FALSE,220,34,-186
2830002,4,134,95,229,TRUE,19,95,76
2830002,8,161,60,221,TRUE,50,60,10
2830003,4,434,205,639,TRUE,114,205,91
2830003,8,331,130,461,TRUE,100,130,30
2830004,4,16,47,63,FALSE,16,15,-1
2830004,8,14,45,59,FALSE,14,15,1
2830005,4,232,140,372,TRUE,45,140,95
2830005,8,195,88,283,TRUE,53,88,35
2830006,4,166,149,315,TRUE,8,149,141
2830006,8,131,101,232,TRUE,14,101,87
2850001,4,145,497,642,FALSE,145,175,30
2850001,8,129,532,661,FALSE,129,201,72
2850002,4,244,641,885,FALSE,244,198,-46
2850002,8,262,674,936,FALSE,262,205,-57
2850007,4,34,105,139,FALSE,34,35,1
2850007,8,34,104,138,FALSE,34,34,0
2850008,4,93,356,449,FALSE,93,131,38
2850008,8,104,375,479,FALSE,104,135,31
2850009,4,235,574,809,FALSE,235,169,-66
2850009,8,200,561,761,FALSE,200,180,-20
2850011,4,51,140,191,FALSE,51,44,-7
2850011,8,42,156,198,FALSE,42,56,14
2850012,4,82,145,227,FALSE,82,31,-51
2850012,8,64,173,237,FALSE,64,54,-10
2850015,4,31,70,101,FALSE,31,19,-12
2850015,8,23,95,118,FALSE,23,35,12
2850016,4,45,240,285,FALSE,45,97,52
2850016,8,43,256,299,FALSE,43,106,63
2850017,4,31,134,165,FALSE,31,51,20
2850017,8,26,161,187,FALSE,26,67,41
2850019,4,42,146,188,FALSE,42,51,9
2850019,8,38,159,197,FALSE,38,60,22
2850020,4,16,57,73,FALSE,16,20,4
2850020,8,19,61,80,FALSE,19,20,1
2850023,4,254,583,837,FALSE,254,164,-90
2850023,8,216,593,809,FALSE,216,188,-28
2850026,4,64,97,161,FALSE,64,16,-48
2850026,8,53,104,157,FALSE,53,25,-28
2850027,4,27,94,121,FALSE,27,33,6
2850027,8,22,126,148,FALSE,22,51,29
2850029,4,285,539,824,FALSE,285,126,-159
2850029,8,193,551,744,FALSE,193,178,-15
2850030,4,251,818,1069,FALSE,251,283,32
2850030,8,228,828,1056,FALSE,228,299,71
2850031,4,171,575,746,FALSE,171,201,30
2850031,8,141,605,746,FALSE,141,231,90
2850032,4,50,161,211,FALSE,50,55,5
2850032,8,32,179,211,FALSE,32,73,41
2870101,4,267,569,836,FALSE,267,150,-117
2870101,8,264,556,820,FALSE,264,145,-119
2870102,4,114,55,169,TRUE,29,55,26
2870102,8,120,64,184,TRUE,27,64,37
2870103,4,57,88,145,FALSE,57,15,-42
2870103,8,53,111,164,FALSE,53,28,-25
2870201,4,58,345,403,FALSE,58,143,85
2870201,8,47,325,372,FALSE,47,138,91
2870202,4,234,804,1038,FALSE,234,284,50
2870202,8,332,868,1200,FALSE,332,267,-65
2870203,4,46,167,213,FALSE,46,60,14
2870203,8,44,200,244,FALSE,44,77,33
2870301,4,20,66,86,FALSE,20,22,2
2870301,8,17,62,79,FALSE,17,22,5
2870302,4,293,631,924,FALSE,293,168,-125
2870302,8,287,627,914,FALSE,287,169,-118
2870303,4,231,422,653,FALSE,231,95,-136
2870303,8,225,432,657,FALSE,225,103,-122
2870304,4,37,61,98,FALSE,37,11,-26
2870304,8,40,74,114,FALSE,40,16,-24
2870401,4,170,313,483,FALSE,170,71,-99
2870401,8,151,322,473,FALSE,151,85,-66
2870402,4,53,34,87,TRUE,9,34,25
2870402,8,57,42,99,TRUE,7,42,35
2870403,4,52,139,191,FALSE,52,43,-9
2870403,8,63,137,200,FALSE,63,36,-27
2870404,4,173,268,441,FALSE,173,47,-126
2870404,8,224,270,494,FALSE,224,22,-202
2870405,4,94,198,292,FALSE,94,51,-43
2870405,8,76,222,298,FALSE,76,72,-4
2890001,4,248,704,952,FALSE,248,227,-21
2890001,8,238,820,1058,FALSE,238,290,52
2890002,4,45,198,243,FALSE,45,76,31
2890002,8,29,196,225,FALSE,29,83,54
2890003,4,113,278,391,FALSE,113,82,-31
2890003,8,91,298,389,FALSE,91,103,12
2890004,4,142,383,525,FALSE,142,120,-22
2890004,8,137,381,518,FALSE,137,121,-16
2890005,4,61,186,247,FALSE,61,62,1
2890005,8,40,211,251,FALSE,40,85,45
2890006,4,162,543,705,FALSE,162,190,28
2890006,8,126,656,782,FALSE,126,264,138
2890007,4,107,344,451,FALSE,107,118,11
2890007,8,60,328,388,FALSE,60,133,73
2890008,4,212,509,721,FALSE,212,148,-64
2890008,8,160,542,702,FALSE,160,190,30
2890009,4,53,157,210,FALSE,53,51,-2
2890009,8,30,167,197,FALSE,30,68,38
2890010,4,132,451,583,FALSE,132,159,27
2890010,8,91,561,652,FALSE,91,234,143
2890011,4,161,485,646,FALSE,161,161,0
2890011,8,125,497,622,FALSE,125,185,60
2890012,4,172,306,478,FALSE,172,66,-106
2890012,8,168,354,522,FALSE,168,92,-76
2890013,4,83,286,369,FALSE,83,101,18
2890013,8,53,349,402,FALSE,53,147,94
2890014,4,59,182,241,FALSE,59,61,2
2890014,8,70,206,276,FALSE,70,67,-3
2910001,4,149,275,424,FALSE,149,62,-87
2910001,8,91,244,335,FALSE,91,76,-15
2910002,4,136,346,482,FALSE,136,104,-32
2910002,8,91,521,612,FALSE,91,214,123
2910003,4,240,827,1067,FALSE,240,293,53
2910003,8,185,939,1124,FALSE,185,376,191
2910004,4,108,252,360,FALSE,108,71,-37
2910004,8,75,265,340,FALSE,75,94,19
2910005,4,208,548,756,FALSE,208,169,-39
2910005,8,181,496,677,FALSE,181,157,-24
2910006,4,152,419,571,FALSE,152,133,-19
2910006,8,103,408,511,FALSE,103,152,49
2910007,4,274,541,815,FALSE,274,133,-141
2910007,8,279,540,819,FALSE,279,130,-149
2910008,4,164,665,829,FALSE,164,250,86
2910008,8,139,856,995,FALSE,139,358,219
2910009,4,251,900,1151,FALSE,251,324,73
2910009,8,200,928,1128,FALSE,200,363,163
291001,4,204,53,257,TRUE,75,53,-22
291001,8,208,60,268,TRUE,73,60,-13
2910010,4,371,870,1241,FALSE,371,249,-122
2910010,8,255,824,1079,FALSE,255,284,29
2910011,4,321,175,496,TRUE,72,175,103
2910011,8,304,173,477,TRUE,65,173,108
2910012,4,274,690,964,FALSE,274,207,-67
2910012,8,269,594,863,FALSE,269,162,-107
2910013,4,108,257,365,FALSE,108,74,-34
2910013,8,60,263,323,FALSE,60,101,41
2910014,4,136,352,488,FALSE,136,107,-29
2910014,8,114,382,496,FALSE,114,133,19
2910015,4,97,161,258,FALSE,97,31,-66
2910015,8,91,154,245,FALSE,91,31,-60
2910016,4,79,156,235,FALSE,79,38,-41
2910016,8,44,124,168,FALSE,44,39,-5
2910017,4,74,294,368,FALSE,74,109,35
2910017,8,51,295,346,FALSE,51,121,70
2910018,4,511,139,650,TRUE,185,139,-46
2910018,8,527,153,680,TRUE,186,153,-33
2910019,4,348,641,989,FALSE,348,146,-202
2910019,8,332,566,898,FALSE,332,116,-216
291002,4,185,198,383,FALSE,185,6,-179
291002,8,218,160,378,TRUE,28,160,132
2910020,4,584,27,611,TRUE,278,27,-251
2910020,8,614,13,627,TRUE,300,13,-287
2910021,4,296,1088,1384,FALSE,296,395,99
2910021,8,255,1200,1455,FALSE,255,472,217
2910022,4,381,866,1247,FALSE,381,242,-139
2910022,8,368,906,1274,FALSE,368,268,-100
2910023,4,181,499,680,FALSE,181,158,-23
2910023,8,150,570,720,FALSE,150,209,59
2910024,4,182,566,748,FALSE,182,191,9
2910024,8,158,571,729,FALSE,158,206,48
2910025,4,100,353,453,FALSE,100,126,26
2910025,8,80,357,437,FALSE,80,138,58
2910026,4,220,538,758,FALSE,220,158,-62
2910026,8,257,617,874,FALSE,257,179,-78
2910027,4,266,833,1099,FALSE,266,283,17
2910027,8,235,812,1047,FALSE,235,288,53
2910028,4,181,694,875,FALSE,181,256,75
2910028,8,149,731,880,FALSE,149,290,141
2910029,4,68,209,277,FALSE,68,70,2
2910029,8,55,226,281,FALSE,55,85,30
291003,4,564,190,754,TRUE,186,190,4
291003,8,626,157,783,TRUE,234,157,-77
2910030,4,75,264,339,FALSE,75,94,19
2910030,8,52,272,324,FALSE,52,109,57
2910031,4,240,356,596,FALSE,240,57,-183
2910031,8,226,439,665,FALSE,226,106,-120
2910032,4,0,0,0,FALSE,0,-1,-1
2910032,8,0,4,4,FALSE,0,1,1
2910033,4,2,1,3,TRUE,0,1,1
2910033,8,1,5,6,FALSE,1,1,0
2910034,4,0,1,1,FALSE,0,0,0
2910034,8,0,0,0,FALSE,0,-1,-1
2910035,4,0,0,0,FALSE,0,-1,-1
2910035,8,0,0,0,FALSE,0,-1,-1
2910036,4,0,0,0,FALSE,0,-1,-1
2910036,8,0,0,0,FALSE,0,-1,-1
291004,4,333,135,468,TRUE,98,135,37
291004,8,313,81,394,TRUE,115,81,-34
291005,4,304,147,451,TRUE,78,147,69
291005,8,303,100,403,TRUE,101,100,-1
291006,4,782,286,1068,TRUE,247,286,39
291006,8,1336,541,1877,TRUE,397,541,144
291007,4,505,206,711,TRUE,149,206,57
291007,8,521,168,689,TRUE,176,168,-8
291008,4,444,147,591,TRUE,148,147,-1
291008,8,506,132,638,TRUE,186,132,-54
291009,4,561,242,803,TRUE,159,242,83
291009,8,586,174,760,TRUE,205,174,-31
291010,4,187,95,282,TRUE,45,95,50
291010,8,200,67,267,TRUE,66,67,1
291011,4,381,257,638,TRUE,61,257,196
291011,8,426,187,613,TRUE,119,187,68
291012,4,545,591,1136,FALSE,545,22,-523
291012,8,642,427,1069,TRUE,107,427,320
291013,4,861,359,1220,TRUE,250,359,109
291013,8,853,276,1129,TRUE,288,276,-12
291014,4,408,161,569,TRUE,123,161,38
291014,8,469,94,563,TRUE,187,94,-93
291015,4,441,216,657,TRUE,112,216,104
291015,8,488,159,647,TRUE,164,159,-5
291016,4,387,162,549,TRUE,112,162,50
291016,8,389,112,501,TRUE,138,112,-26
291017,4,224,111,335,TRUE,56,111,55
291017,8,223,108,331,TRUE,57,108,51
291018,4,635,310,945,TRUE,162,310,148
291018,8,716,249,965,TRUE,233,249,16
291019,4,182,96,278,TRUE,42,96,54
291019,8,203,82,285,TRUE,60,82,22
291020,4,716,420,1136,TRUE,147,420,273
291020,8,788,363,1151,TRUE,212,363,151
291021,4,537,286,823,TRUE,125,286,161
291021,8,624,204,828,TRUE,209,204,-5
291022,4,749,337,1086,TRUE,205,337,132
291022,8,836,244,1080,TRUE,295,244,-51
291023,4,528,187,715,TRUE,170,187,17
291023,8,586,162,748,TRUE,211,162,-49
291024,4,755,779,1534,FALSE,755,11,-744
291024,8,937,623,1560,TRUE,156,623,467
291025,4,357,160,517,TRUE,98,160,62
291025,8,372,101,473,TRUE,135,101,-34
291026,4,407,157,564,TRUE,124,157,33
291026,8,474,121,595,TRUE,176,121,-55
291027,4,104,67,171,TRUE,18,67,49
291027,8,97,30,127,TRUE,33,30,-3
291028,4,283,156,439,TRUE,63,156,93
291028,8,341,105,446,TRUE,117,105,-12
291029,4,454,179,633,TRUE,137,179,42
291029,8,454,122,576,TRUE,165,122,-43
291030,4,30,113,143,FALSE,30,41,11
291030,8,13,45,58,FALSE,13,15,2
291031,4,399,227,626,TRUE,85,227,142
291031,8,460,146,606,TRUE,156,146,-10
291032,4,555,176,731,TRUE,189,176,-13
291032,8,487,128,615,TRUE,179,128,-51
291033,4,403,412,815,FALSE,403,4,-399
291033,8,485,325,810,TRUE,79,325,246
291034,4,374,738,1112,FALSE,374,181,-193
291034,8,708,947,1655,FALSE,708,119,-589
291035,4,142,305,447,FALSE,142,81,-61
291035,8,175,177,352,FALSE,175,0,-175
291036,4,606,901,1507,FALSE,606,147,-459
291036,8,778,795,1573,FALSE,778,8,-770
291037,4,582,526,1108,TRUE,27,526,499
291037,8,696,412,1108,TRUE,141,412,271
291038,4,596,553,1149,TRUE,21,553,532
291038,8,771,480,1251,TRUE,145,480,335
291039,4,625,378,1003,TRUE,123,378,255
291039,8,717,236,953,TRUE,240,236,-4
291040,4,739,278,1017,TRUE,230,278,48
291040,8,721,197,918,TRUE,261,197,-64
291041,4,743,233,976,TRUE,254,233,-21
291041,8,752,184,936,TRUE,283,184,-99
291042,4,469,231,700,TRUE,118,231,113
291042,8,604,172,776,TRUE,215,172,-43
291043,4,250,233,483,TRUE,8,233,225
291043,8,283,203,486,TRUE,39,203,164
291044,4,665,351,1016,TRUE,156,351,195
291044,8,809,228,1037,TRUE,290,228,-62
291045,4,619,312,931,TRUE,153,312,159
291045,8,807,256,1063,TRUE,275,256,-19
291046,4,661,318,979,TRUE,171,318,147
291046,8,649,201,850,TRUE,223,201,-22
291047,4,518,309,827,TRUE,104,309,205
291047,8,613,235,848,TRUE,188,235,47
291048,4,578,381,959,TRUE,98,381,283
291048,8,706,262,968,TRUE,221,262,41
291049,4,618,414,1032,TRUE,101,414,313
291049,8,780,299,1079,TRUE,240,299,59
291050,4,455,253,708,TRUE,100,253,153
291050,8,474,209,683,TRUE,132,209,77
291051,4,511,503,1014,TRUE,3,503,500
291051,8,598,371,969,TRUE,113,371,258
291052,4,500,397,897,TRUE,51,397,346
291052,8,598,318,916,TRUE,139,318,179
291053,4,101,59,160,TRUE,20,59,39
291053,8,114,58,172,TRUE,27,58,31
291054,4,675,365,1040,TRUE,154,365,211
291054,8,743,273,1016,TRUE,234,273,39
291055,4,859,1086,1945,FALSE,859,113,-746
291055,8,1310,943,2253,TRUE,183,943,760
291056,4,467,302,769,TRUE,82,302,220
291056,8,672,319,991,TRUE,176,319,143
291057,4,339,458,797,FALSE,339,59,-280
291057,8,438,399,837,TRUE,19,399,380
291058,4,493,575,1068,FALSE,493,40,-453
291058,8,673,526,1199,TRUE,73,526,453
291059,4,34,38,72,FALSE,34,1,-33
291059,8,85,43,128,TRUE,20,43,23
291060,4,516,293,809,TRUE,111,293,182
291060,8,637,156,793,TRUE,240,156,-84
291061,4,495,348,843,TRUE,73,348,275
291061,8,656,234,890,TRUE,210,234,24
291062,4,192,158,350,TRUE,16,158,142
291062,8,267,144,411,TRUE,61,144,83
291063,4,320,410,730,FALSE,320,44,-276
291063,8,416,383,799,TRUE,16,383,367
291064,4,231,332,563,FALSE,231,50,-181
291064,8,292,255,547,TRUE,18,255,237
291065,4,343,478,821,FALSE,343,67,-276
291065,8,484,421,905,TRUE,31,421,390
291066,4,133,121,254,TRUE,5,121,116
291066,8,193,103,296,TRUE,44,103,59
291067,4,393,738,1131,FALSE,393,172,-221
291067,8,490,710,1200,FALSE,490,109,-381
291068,4,76,120,196,FALSE,76,21,-55
291068,8,183,164,347,TRUE,9,164,155
291069,4,107,153,260,FALSE,107,22,-85
291069,8,162,149,311,TRUE,6,149,143
291070,4,240,220,460,TRUE,9,220,211
291070,8,310,176,486,TRUE,66,176,110
291071,4,361,509,870,FALSE,361,73,-288
291071,8,477,385,862,TRUE,45,385,340
291072,4,443,415,858,TRUE,13,415,402
291072,8,647,292,939,TRUE,177,292,115
291073,4,403,805,1208,FALSE,403,200,-203
291073,8,1773,1996,3769,FALSE,1773,111,-1662
291074,4,403,247,650,TRUE,77,247,170
291074,8,450,178,628,TRUE,135,178,43
291075,4,428,353,781,TRUE,37,353,316
291075,8,560,260,820,TRUE,149,260,111
291076,4,774,768,1542,TRUE,2,768,766
291076,8,877,585,1462,TRUE,145,585,440
291077,4,557,248,805,TRUE,154,248,94
291077,8,587,164,751,TRUE,211,164,-47
291078,4,167,67,234,TRUE,49,67,18
291078,8,166,51,217,TRUE,57,51,-6
291079,4,40,56,96,FALSE,40,7,-33
291079,8,1314,913,2227,TRUE,200,913,713
291080,4,410,327,737,TRUE,41,327,286
291080,8,1049,450,1499,TRUE,299,450,151
291081,4,188,645,833,FALSE,188,228,40
291081,8,241,633,874,FALSE,241,195,-46
291082,4,594,606,1200,FALSE,594,5,-589
291082,8,898,477,1375,TRUE,210,477,267
291083,4,807,1148,1955,FALSE,807,170,-637
291083,8,797,707,1504,TRUE,44,707,663
291084,4,537,466,1003,TRUE,35,466,431
291084,8,626,345,971,TRUE,140,345,205
291085,4,468,414,882,TRUE,26,414,388
291085,8,503,351,854,TRUE,75,351,276
291086,4,793,804,1597,FALSE,793,5,-788
291086,8,946,624,1570,TRUE,160,624,464
291087,4,428,316,744,TRUE,55,316,261
291087,8,539,221,760,TRUE,158,221,63
291088,4,664,262,926,TRUE,200,262,62
291088,8,697,174,871,TRUE,261,174,-87
291089,4,143,230,373,FALSE,143,43,-100
291089,8,272,247,519,TRUE,12,247,235
291090,4,0,0,0,FALSE,0,-1,-1
291090,8,0,0,0,FALSE,0,-1,-1
291091,4,387,259,646,TRUE,63,259,196
291091,8,655,232,887,TRUE,211,232,21
291092,4,123,60,183,TRUE,31,60,29
291092,8,129,55,184,TRUE,36,55,19
291093,4,335,479,814,FALSE,335,71,-264
291093,8,209,205,414,TRUE,1,205,204
291094,4,29,41,70,FALSE,29,5,-24
291094,8,183,108,291,TRUE,37,108,71
291095,4,56,230,286,FALSE,56,86,30
291095,8,110,147,257,FALSE,110,18,-92
291096,4,40,74,114,FALSE,40,16,-24
291096,8,21,14,35,TRUE,3,14,11
291097,4,268,98,366,TRUE,84,98,14
291097,8,256,86,342,TRUE,84,86,2
291098,4,249,109,358,TRUE,69,109,40
291098,8,311,104,415,TRUE,103,104,1
291099,4,677,630,1307,TRUE,23,630,607
291099,8,1031,609,1640,TRUE,210,609,399
291100,4,488,552,1040,FALSE,488,31,-457
291100,8,948,607,1555,TRUE,170,607,437
291101,4,212,337,549,FALSE,212,62,-150
291101,8,548,496,1044,TRUE,25,496,471
291102,4,145,164,309,FALSE,145,9,-136
291102,8,199,206,405,FALSE,199,3,-196
291103,4,0,0,0,FALSE,0,-1,-1
291103,8,1,0,1,TRUE,0,0,0
291104,4,451,524,975,FALSE,451,36,-415
291104,8,663,482,1145,TRUE,90,482,392
291105,4,53,61,114,FALSE,53,3,-50
291105,8,52,53,105,FALSE,52,0,-52
291106,4,323,385,708,FALSE,323,30,-293
291106,8,513,346,859,TRUE,83,346,263
291107,4,423,476,899,FALSE,423,26,-397
291107,8,532,398,930,TRUE,66,398,332
291108,4,639,1015,1654,FALSE,639,187,-452
291108,8,663,723,1386,FALSE,663,29,-634
291109,4,0,4,4,FALSE,0,1,1
291109,8,64,29,93,TRUE,17,29,12
291110,4,92,138,230,FALSE,92,22,-70
291110,8,549,418,967,TRUE,65,418,353
291111,4,648,704,1352,FALSE,648,27,-621
291111,8,1179,758,1937,TRUE,210,758,548
291112,4,530,551,1081,FALSE,530,10,-520
291112,8,1110,510,1620,TRUE,299,510,211
291113,4,130,221,351,FALSE,130,45,-85
291113,8,362,315,677,TRUE,23,315,292
292001,4,167,71,238,TRUE,47,71,24
292001,8,189,34,223,TRUE,77,34,-43
292002,4,414,151,565,TRUE,131,151,20
292002,8,416,108,524,TRUE,153,108,-45
292003,4,667,222,889,TRUE,222,222,0
292003,8,684,168,852,TRUE,257,168,-89
292004,4,607,173,780,TRUE,216,173,-43
292004,8,609,141,750,TRUE,233,141,-92
292005,4,399,203,602,TRUE,97,203,106
292005,8,401,165,566,TRUE,117,165,48
292006,4,628,217,845,TRUE,205,217,12
292006,8,739,145,884,TRUE,296,145,-151
292007,4,558,156,714,TRUE,200,156,-44
292007,8,500,130,630,TRUE,184,130,-54
292008,4,380,137,517,TRUE,121,137,16
292008,8,373,101,474,TRUE,135,101,-34
292009,4,344,118,462,TRUE,112,118,6
292009,8,344,69,413,TRUE,137,69,-68
292010,4,260,97,357,TRUE,81,97,16
292010,8,255,51,306,TRUE,101,51,-50
292011,4,397,114,511,TRUE,141,114,-27
292011,8,363,80,443,TRUE,141,80,-61
292012,4,670,218,888,TRUE,225,218,-7
292012,8,587,132,719,TRUE,227,132,-95
292013,4,468,195,663,TRUE,136,195,59
292013,8,411,148,559,TRUE,131,148,17
292014,4,411,167,578,TRUE,121,167,46
292014,8,416,163,579,TRUE,126,163,37
292015,4,409,196,605,TRUE,106,196,90
292015,8,512,115,627,TRUE,198,115,-83
292016,4,379,128,507,TRUE,125,128,3
292016,8,371,75,446,TRUE,147,75,-72
292017,4,325,147,472,TRUE,88,147,59
292017,8,339,81,420,TRUE,128,81,-47
292018,4,509,200,709,TRUE,154,200,46
292018,8,515,184,699,TRUE,165,184,19
292019,4,504,168,672,TRUE,167,168,1
292019,8,521,129,650,TRUE,195,129,-66
292020,4,612,149,761,TRUE,231,149,-82
292020,8,681,96,777,TRUE,292,96,-196
292021,4,786,291,1077,TRUE,247,291,44
292021,8,776,260,1036,TRUE,257,260,3
292022,4,493,184,677,TRUE,154,184,30
292022,8,458,134,592,TRUE,161,134,-27
292023,4,992,468,1460,TRUE,261,468,207
292023,8,1002,333,1335,TRUE,334,333,-1
292024,4,496,320,816,TRUE,87,320,233
292024,8,558,216,774,TRUE,170,216,46
292025,4,775,405,1180,TRUE,184,405,221
292025,8,817,333,1150,TRUE,241,333,92
292026,4,737,667,1404,TRUE,34,667,633
292026,8,753,531,1284,TRUE,110,531,421
292027,4,443,396,839,TRUE,23,396,373
292027,8,456,332,788,TRUE,61,332,271
292028,4,832,646,1478,TRUE,92,646,554
292028,8,894,512,1406,TRUE,190,512,322
292029,4,386,163,549,TRUE,111,163,52
292029,8,399,124,523,TRUE,137,124,-13
292030,4,428,136,564,TRUE,145,136,-9
292030,8,397,98,495,TRUE,149,98,-51
292031,4,446,124,570,TRUE,160,124,-36
292031,8,412,115,527,TRUE,148,115,-33
292032,4,228,84,312,TRUE,71,84,13
292032,8,173,62,235,TRUE,55,62,7
292033,4,151,80,231,TRUE,35,80,45
292033,8,187,50,237,TRUE,68,50,-18
292034,4,173,67,240,TRUE,52,67,15
292034,8,168,40,208,TRUE,63,40,-23
292035,4,486,199,685,TRUE,143,199,56
292035,8,512,157,669,TRUE,177,157,-20
292036,4,570,372,942,TRUE,98,372,274
292036,8,638,340,978,TRUE,148,340,192
292037,4,335,611,946,FALSE,335,137,-198
292037,8,449,555,1004,FALSE,449,52,-397
292038,4,215,265,480,FALSE,215,24,-191
292038,8,255,208,463,TRUE,23,208,185
292039,4,537,259,796,TRUE,138,259,121
292039,8,614,198,812,TRUE,207,198,-9
292040,4,722,504,1226,TRUE,108,504,396
292040,8,790,381,1171,TRUE,204,381,177
292041,4,814,548,1362,TRUE,132,548,416
292041,8,922,393,1315,TRUE,264,393,129
292042,4,472,212,684,TRUE,129,212,83
292042,8,510,120,630,TRUE,194,120,-74
292043,4,484,214,698,TRUE,134,214,80
292043,8,557,131,688,TRUE,212,131,-81
292044,4,443,309,752,TRUE,66,309,243
292044,8,647,207,854,TRUE,219,207,-12
292045,4,844,414,1258,TRUE,214,414,200
292045,8,884,354,1238,TRUE,264,354,90
292046,4,862,452,1314,TRUE,204,452,248
292046,8,869,405,1274,TRUE,231,405,174
292047,4,511,297,808,TRUE,106,297,191
292047,8,643,283,926,TRUE,179,283,104
292048,4,445,265,710,TRUE,89,265,176
292048,8,522,170,692,TRUE,175,170,-5
292049,4,773,588,1361,TRUE,92,588,496
292049,8,861,420,1281,TRUE,220,420,200
292050,4,654,548,1202,TRUE,52,548,496
292050,8,728,404,1132,TRUE,161,404,243
292051,4,62,60,122,TRUE,0,60,60
292051,8,97,48,145,TRUE,24,48,24
292052,4,232,160,392,TRUE,35,160,125
292052,8,272,125,397,TRUE,73,125,52
292053,4,346,184,530,TRUE,80,184,104
292053,8,351,141,492,TRUE,104,141,37
292054,4,745,331,1076,TRUE,206,331,125
292054,8,792,291,1083,TRUE,250,291,41
292055,4,255,200,455,TRUE,27,200,173
292055,8,480,261,741,TRUE,109,261,152
292056,4,396,300,696,TRUE,47,300,253
292056,8,476,192,668,TRUE,141,192,51
292057,4,663,353,1016,TRUE,154,353,199
292057,8,713,253,966,TRUE,229,253,24
292058,4,554,406,960,TRUE,73,406,333
292058,8,691,310,1001,TRUE,190,310,120
292059,4,618,436,1054,TRUE,90,436,346
292059,8,689,307,996,TRUE,190,307,117
292060,4,471,258,729,TRUE,106,258,152
292060,8,466,194,660,TRUE,135,194,59
292061,4,119,222,341,FALSE,119,51,-68
292061,8,259,218,477,TRUE,20,218,198
292062,4,303,347,650,FALSE,303,21,-282
292062,8,368,289,657,TRUE,39,289,250
292063,4,503,1313,1816,FALSE,503,404,-99
292063,8,1015,1961,2976,FALSE,1015,472,-543
292064,4,691,594,1285,TRUE,48,594,546
292064,8,756,535,1291,TRUE,110,535,425
292065,4,43,81,124,FALSE,43,18,-25
292065,8,1709,1337,3046,TRUE,185,1337,1152
292066,4,791,1326,2117,FALSE,791,267,-524
292066,8,1083,1270,2353,FALSE,1083,93,-990
292067,4,19,23,42,FALSE,19,1,-18
292067,8,18,14,32,TRUE,1,14,13
292068,4,795,1075,1870,FALSE,795,139,-656
292068,8,1016,917,1933,TRUE,49,917,868
292069,4,586,604,1190,FALSE,586,8,-578
292069,8,689,479,1168,TRUE,104,479,375
292070,4,355,102,457,TRUE,126,102,-24
292070,8,366,56,422,TRUE,154,56,-98
292071,4,285,120,405,TRUE,82,120,38
292071,8,295,71,366,TRUE,111,71,-40
292072,4,682,1090,1772,FALSE,682,203,-479
292072,8,1011,841,1852,TRUE,84,841,757
292073,4,322,312,634,TRUE,4,312,308
292073,8,369,258,627,TRUE,55,258,203
292074,4,262,129,391,TRUE,66,129,63
292074,8,282,99,381,TRUE,91,99,8
292075,4,106,36,142,TRUE,34,36,2
292075,8,123,27,150,TRUE,47,27,-20
292076,4,536,773,1309,FALSE,536,118,-418
292076,8,757,665,1422,TRUE,45,665,620
292077,4,504,783,1287,FALSE,504,139,-365
292077,8,754,693,1447,TRUE,30,693,663
292078,4,432,537,969,FALSE,432,52,-380
292078,8,815,507,1322,TRUE,153,507,354
292079,4,200,58,258,TRUE,70,58,-12
292079,8,197,42,239,TRUE,77,42,-35
292080,4,238,211,449,TRUE,13,211,198
292080,8,320,171,491,TRUE,74,171,97
292081,4,245,224,469,TRUE,10,224,214
292081,8,272,158,430,TRUE,56,158,102
292082,4,394,348,742,TRUE,22,348,326
292082,8,428,297,725,TRUE,65,297,232
292083,4,279,159,438,TRUE,59,159,100
292083,8,291,132,423,TRUE,79,132,53
292084,4,433,898,1331,FALSE,433,232,-201
292084,8,608,774,1382,FALSE,608,82,-526
292085,4,398,307,705,TRUE,45,307,262
292085,8,460,239,699,TRUE,110,239,129
292086,4,414,667,1081,FALSE,414,126,-288
292086,8,696,736,1432,FALSE,696,19,-677
292087,4,517,880,1397,FALSE,517,181,-336
292087,8,688,713,1401,FALSE,688,12,-676
292088,4,619,812,1431,FALSE,619,96,-523
292088,8,780,585,1365,TRUE,97,585,488
292089,4,70,146,216,FALSE,70,37,-33
292089,8,101,107,208,FALSE,101,2,-99
292090,4,236,223,459,TRUE,6,223,217
292090,8,403,220,623,TRUE,91,220,129
292091,4,147,51,198,TRUE,47,51,4
292091,8,143,55,198,TRUE,43,55,12
292092,4,0,0,0,FALSE,0,-1,-1
292092,8,1,2,3,FALSE,1,0,-1
292093,4,132,181,313,FALSE,132,24,-108
292093,8,152,190,342,FALSE,152,18,-134
292094,4,57,76,133,FALSE,57,9,-48
292094,8,42,87,129,FALSE,42,22,-20
292095,4,67,39,106,TRUE,13,39,26
292095,8,68,32,100,TRUE,17,32,15
292096,4,55,38,93,TRUE,8,38,30
292096,8,60,27,87,TRUE,16,27,11
292097,4,522,681,1203,FALSE,522,79,-443
292097,8,697,582,1279,TRUE,57,582,525
292098,4,457,566,1023,FALSE,457,54,-403
292098,8,402,248,650,TRUE,76,248,172
292099,4,278,529,807,FALSE,278,125,-153
292099,8,396,450,846,FALSE,396,26,-370
292100,4,337,372,709,FALSE,337,17,-320
292100,8,408,282,690,TRUE,62,282,220
292101,4,712,1250,1962,FALSE,712,268,-444
292101,8,1206,1396,2602,FALSE,1206,94,-1112
292102,4,281,374,655,FALSE,281,46,-235
292102,8,369,327,696,TRUE,20,327,307
292103,4,73,24,97,TRUE,24,24,0
292103,8,68,18,86,TRUE,24,18,-6
292104,4,58,48,106,TRUE,4,48,44
292104,8,94,19,113,TRUE,37,19,-18
292105,4,96,32,128,TRUE,31,32,1
292105,8,94,24,118,TRUE,34,24,-10
292106,4,119,148,267,FALSE,119,14,-105
292106,8,188,93,281,TRUE,47,93,46
292107,4,140,130,270,TRUE,4,130,126
292107,8,137,101,238,TRUE,17,101,84
292108,4,600,1203,1803,FALSE,600,301,-299
292108,8,701,1090,1791,FALSE,701,194,-507
292109,4,2,1,3,TRUE,0,1,1
292109,8,0,0,0,FALSE,0,-1,-1
292110,4,287,441,728,FALSE,287,76,-211
292110,8,377,366,743,TRUE,5,366,361
292111,4,562,980,1542,FALSE,562,208,-354
292111,8,646,892,1538,FALSE,646,122,-524
292112,4,355,521,876,FALSE,355,82,-273
292112,8,525,459,984,TRUE,32,459,427
292113,4,88,79,167,TRUE,4,79,75
292113,8,124,56,180,TRUE,33,56,23
292114,4,605,605,1210,FALSE,605,-1,-606
292114,8,649,449,1098,TRUE,99,449,350
292115,4,210,393,603,FALSE,210,91,-119
292115,8,265,315,580,FALSE,265,24,-241
292116,4,1,0,1,TRUE,0,0,0
292116,8,1,0,1,TRUE,0,0,0
292117,4,62,54,116,TRUE,3,54,51
292117,8,65,41,106,TRUE,11,41,30
292118,4,39,37,76,TRUE,0,37,37
292118,8,36,46,82,FALSE,36,4,-32
292119,4,18,24,42,FALSE,18,2,-16
292119,8,12,18,30,FALSE,12,2,-10
292120,4,139,149,288,FALSE,139,4,-135
292120,8,142,125,267,TRUE,8,125,117
292121,4,141,149,290,FALSE,141,3,-138
292121,8,174,119,293,TRUE,27,119,92
292122,4,0,0,0,FALSE,0,-1,-1
292122,8,0,0,0,FALSE,0,-1,-1
292123,4,151,290,441,FALSE,151,69,-82
292123,8,311,372,683,FALSE,311,30,-281
292124,4,0,0,0,FALSE,0,-1,-1
292124,8,1,0,1,TRUE,0,0,0
292125,4,43,41,84,TRUE,0,41,41
292125,8,75,48,123,TRUE,13,48,35
292126,4,339,403,742,FALSE,339,31,-308
292126,8,413,291,704,TRUE,60,291,231
292127,4,582,777,1359,FALSE,582,97,-485
292127,8,652,693,1345,FALSE,652,20,-632
292128,4,387,197,584,TRUE,94,197,103
292128,8,594,136,730,TRUE,228,136,-92
292129,4,0,0,0,FALSE,0,-1,-1
292129,8,0,0,0,FALSE,0,-1,-1
292130,4,0,0,0,FALSE,0,-1,-1
292130,8,0,0,0,FALSE,0,-1,-1
292131,4,98,82,180,TRUE,7,82,75
292131,8,123,89,212,TRUE,16,89,73
292132,4,107,105,212,TRUE,0,105,105
292132,8,86,39,125,TRUE,23,39,16
292133,4,60,48,108,TRUE,5,48,43
292133,8,74,41,115,TRUE,16,41,25
292134,4,7,14,21,FALSE,7,3,-4
292134,8,17,21,38,FALSE,17,1,-16
292135,4,0,0,0,FALSE,0,-1,-1
292135,8,0,0,0,FALSE,0,-1,-1
292136,4,87,59,146,TRUE,13,59,46
292136,8,81,47,128,TRUE,16,47,31
292137,4,234,279,513,FALSE,234,22,-212
292137,8,222,203,425,TRUE,9,203,194
292138,4,258,299,557,FALSE,258,20,-238
292138,8,233,238,471,FALSE,233,2,-231
292139,4,354,632,986,FALSE,354,138,-216
292139,8,568,576,1144,FALSE,568,3,-565
292140,4,330,369,699,FALSE,330,19,-311
292140,8,401,270,671,TRUE,65,270,205
292141,4,737,1035,1772,FALSE,737,148,-589
292141,8,993,921,1914,TRUE,35,921,886
292142,4,120,96,216,TRUE,11,96,85
292142,8,153,82,235,TRUE,35,82,47
292143,4,589,786,1375,FALSE,589,98,-491
292143,8,683,641,1324,TRUE,20,641,621
292144,4,573,568,1141,TRUE,2,568,566
292144,8,561,502,1063,TRUE,29,502,473
292145,4,53,112,165,FALSE,53,29,-24
292145,8,120,148,268,FALSE,120,13,-107
292146,4,373,519,892,FALSE,373,72,-301
292146,8,496,445,941,TRUE,25,445,420
292147,4,0,0,0,FALSE,0,-1,-1
292147,8,85,73,158,TRUE,5,73,68
293001,4,514,1344,1858,FALSE,514,414,-100
293001,8,538,1037,1575,FALSE,538,249,-289
293002,4,301,249,550,TRUE,25,249,224
293002,8,315,193,508,TRUE,60,193,133
293003,4,363,299,662,TRUE,31,299,268
293003,8,362,194,556,TRUE,83,194,111
293004,4,668,669,1337,FALSE,668,0,-668
293004,8,897,455,1352,TRUE,220,455,235
293005,4,86,277,363,FALSE,86,95,9
293005,8,90,306,396,FALSE,90,107,17
293006,4,51,113,164,FALSE,51,30,-21
293006,8,54,112,166,FALSE,54,28,-26
293007,4,127,346,473,FALSE,127,109,-18
293007,8,398,680,1078,FALSE,398,140,-258
293008,4,2,4,6,FALSE,2,0,-2
293008,8,2,7,9,FALSE,2,2,0
293009,4,176,240,416,FALSE,176,31,-145
293009,8,194,239,433,FALSE,194,22,-172
293010,4,364,433,797,FALSE,364,34,-330
293010,8,423,361,784,TRUE,30,361,331
2930101,4,354,680,1034,FALSE,354,162,-192
2930101,8,329,663,992,FALSE,329,166,-163
2930102,4,112,238,350,FALSE,112,62,-50
2930102,8,73,248,321,FALSE,73,87,14
2930103,4,140,291,431,FALSE,140,75,-65
2930103,8,103,303,406,FALSE,103,99,-4
2930104,4,113,277,390,FALSE,113,81,-32
2930104,8,85,310,395,FALSE,85,112,27
2930105,4,31,111,142,FALSE,31,39,8
2930105,8,16,105,121,FALSE,16,44,28
293011,4,622,1119,1741,FALSE,622,248,-374
293011,8,713,1014,1727,FALSE,713,150,-563
293012,4,275,406,681,FALSE,275,65,-210
293012,8,274,381,655,FALSE,274,53,-221
293013,4,523,739,1262,FALSE,523,107,-416
293013,8,600,620,1220,FALSE,600,9,-591
293014,4,534,420,954,TRUE,56,420,364
293014,8,677,338,1015,TRUE,169,338,169
293015,4,695,709,1404,FALSE,695,6,-689
293015,8,774,654,1428,TRUE,59,654,595
293016,4,53,105,158,FALSE,53,25,-28
293016,8,42,108,150,FALSE,42,32,-10
293017,4,168,688,856,FALSE,168,259,91
293017,8,220,686,906,FALSE,220,232,12
293018,4,317,739,1056,FALSE,317,210,-107
293018,8,384,714,1098,FALSE,384,164,-220
293019,4,14,17,31,FALSE,14,1,-13
293019,8,20,9,29,TRUE,5,9,4
293020,4,736,1058,1794,FALSE,736,160,-576
293020,8,858,966,1824,FALSE,858,53,-805
2930201,4,112,175,287,FALSE,112,31,-81
2930201,8,142,177,319,FALSE,142,17,-125
2930202,4,259,43,302,TRUE,107,43,-64
2930202,8,300,14,314,TRUE,142,14,-128
2930203,4,75,49,124,TRUE,12,49,37
2930203,8,80,31,111,TRUE,24,31,7
2930204,4,106,178,284,FALSE,106,35,-71
2930204,8,86,198,284,FALSE,86,55,-31
2930205,4,141,182,323,FALSE,141,20,-121
2930205,8,116,189,305,FALSE,116,36,-80
2930206,4,48,108,156,FALSE,48,29,-19
2930206,8,41,118,159,FALSE,41,38,-3
293021,4,404,1407,1811,FALSE,404,501,97
293021,8,461,1343,1804,FALSE,461,440,-21
293022,4,406,764,1170,FALSE,406,178,-228
293022,8,504,678,1182,FALSE,504,86,-418
293023,4,465,823,1288,FALSE,465,178,-287
293023,8,730,709,1439,TRUE,10,709,699
293024,4,822,928,1750,FALSE,822,52,-770
293024,8,896,811,1707,TRUE,42,811,769
293025,4,428,712,1140,FALSE,428,141,-287
293025,8,483,675,1158,FALSE,483,95,-388
293026,4,373,729,1102,FALSE,373,177,-196
293026,8,424,638,1062,FALSE,424,106,-318
293027,4,307,721,1028,FALSE,307,206,-101
293027,8,358,638,996,FALSE,358,139,-219
293028,4,385,724,1109,FALSE,385,169,-216
293028,8,505,726,1231,FALSE,505,110,-395
293029,4,352,555,907,FALSE,352,101,-251
293029,8,363,455,818,FALSE,363,45,-318
293030,4,418,1121,1539,FALSE,418,351,-67
293030,8,568,1074,1642,FALSE,568,252,-316
2930301,4,282,502,784,FALSE,282,109,-173
2930301,8,253,489,742,FALSE,253,117,-136
2930302,4,136,309,445,FALSE,136,86,-50
2930302,8,110,286,396,FALSE,110,87,-23
2930303,4,24,77,101,FALSE,24,26,2
2930303,8,23,88,111,FALSE,23,32,9
2930304,4,84,328,412,FALSE,84,121,37
2930304,8,76,310,386,FALSE,76,116,40
2930305,4,50,142,192,FALSE,50,45,-5
2930305,8,43,159,202,FALSE,43,57,14
293031,4,301,275,576,TRUE,12,275,263
293031,8,516,317,833,TRUE,99,317,218
293032,4,310,423,733,FALSE,310,56,-254
293032,8,468,434,902,TRUE,16,434,418
293033,4,287,1077,1364,FALSE,287,394,107
293033,8,320,943,1263,FALSE,320,311,-9
293034,4,298,1654,1952,FALSE,298,677,379
293034,8,395,1656,2051,FALSE,395,630,235
293035,4,117,198,315,FALSE,117,40,-77
293035,8,211,257,468,FALSE,211,22,-189
293036,4,396,666,1062,FALSE,396,134,-262
293036,8,688,698,1386,FALSE,688,4,-684
293037,4,743,1104,1847,FALSE,743,180,-563
293037,8,860,925,1785,FALSE,860,32,-828
293038,4,71,111,182,FALSE,71,19,-52
293038,8,82,96,178,FALSE,82,6,-76
293039,4,390,1463,1853,FALSE,390,536,146
293039,8,1105,2378,3483,FALSE,1105,636,-469
293040,4,461,919,1380,FALSE,461,228,-233
293040,8,605,807,1412,FALSE,605,100,-505
2930401,4,461,650,1111,FALSE,461,94,-367
2930401,8,461,571,1032,FALSE,461,54,-407
2930402,4,57,197,254,FALSE,57,69,12
2930402,8,54,238,292,FALSE,54,91,37
2930403,4,55,140,195,FALSE,55,42,-13
2930403,8,46,162,208,FALSE,46,57,11
2930404,4,74,222,296,FALSE,74,73,-1
2930404,8,49,268,317,FALSE,49,109,60
2930405,4,38,119,157,FALSE,38,40,2
2930405,8,30,139,169,FALSE,30,54,24
2930406,4,1,10,11,FALSE,1,4,3
2930406,8,0,12,12,FALSE,0,5,5
293041,4,434,798,1232,FALSE,434,181,-253
293041,8,477,708,1185,FALSE,477,115,-362
293042,4,354,1184,1538,FALSE,354,414,60
293042,8,870,1677,2547,FALSE,870,403,-467
293043,4,94,237,331,FALSE,94,71,-23
293043,8,120,226,346,FALSE,120,52,-68
293044,4,282,598,880,FALSE,282,157,-125
293044,8,389,637,1026,FALSE,389,123,-266
293045,4,282,813,1095,FALSE,282,265,-17
293045,8,350,778,1128,FALSE,350,213,-137
293046,4,444,711,1155,FALSE,444,133,-311
293046,8,450,632,1082,FALSE,450,90,-360
293047,4,402,779,1181,FALSE,402,188,-214
293047,8,532,734,1266,FALSE,532,100,-432
293048,4,382,716,1098,FALSE,382,166,-216
293048,8,429,650,1079,FALSE,429,110,-319
293049,4,451,1168,1619,FALSE,451,358,-93
293049,8,499,1061,1560,FALSE,499,280,-219
293050,4,289,557,846,FALSE,289,133,-156
293050,8,326,492,818,FALSE,326,82,-244
293051,4,157,387,544,FALSE,157,114,-43
293051,8,77,152,229,FALSE,77,37,-40
293052,4,224,576,800,FALSE,224,175,-49
293052,8,782,1411,2193,FALSE,782,314,-468
293053,4,354,725,1079,FALSE,354,185,-169
293053,8,406,612,1018,FALSE,406,102,-304
293054,4,411,625,1036,FALSE,411,106,-305
293054,8,418,429,847,FALSE,418,5,-413
293055,4,296,1163,1459,FALSE,296,433,137
293055,8,454,1414,1868,FALSE,454,479,25
293056,4,489,641,1130,FALSE,489,75,-414
293056,8,766,614,1380,TRUE,75,614,539
293057,4,268,198,466,TRUE,34,198,164
293057,8,327,161,488,TRUE,82,161,79
293058,4,371,758,1129,FALSE,371,193,-178
293058,8,900,846,1746,TRUE,26,846,820
293059,4,340,932,1272,FALSE,340,295,-45
293059,8,473,764,1237,FALSE,473,145,-328
293060,4,436,897,1333,FALSE,436,230,-206
293060,8,566,742,1308,FALSE,566,87,-479
293061,4,423,662,1085,FALSE,423,119,-304
293061,8,505,558,1063,FALSE,505,26,-479
293062,4,265,253,518,TRUE,5,253,248
293062,8,303,228,531,TRUE,37,228,191
293063,4,433,845,1278,FALSE,433,205,-228
293063,8,534,744,1278,FALSE,534,104,-430
293064,4,241,497,738,FALSE,241,127,-114
293064,8,264,419,683,FALSE,264,77,-187
293065,4,129,162,291,FALSE,129,16,-113
293065,8,160,140,300,TRUE,9,140,131
293066,4,437,901,1338,FALSE,437,231,-206
293066,8,523,808,1331,FALSE,523,142,-381
293067,4,313,782,1095,FALSE,313,234,-79
293067,8,394,711,1105,FALSE,394,158,-236
293068,4,332,378,710,FALSE,332,22,-310
293068,8,526,343,869,TRUE,91,343,252
293069,4,510,1023,1533,FALSE,510,256,-254
293069,8,642,977,1619,FALSE,642,167,-475
293070,4,535,1186,1721,FALSE,535,325,-210
293070,8,691,1148,1839,FALSE,691,228,-463
293071,4,657,959,1616,FALSE,657,150,-507
293071,8,769,846,1615,FALSE,769,38,-731
293072,4,274,278,552,FALSE,274,1,-273
293072,8,325,189,514,TRUE,67,189,122
293073,4,361,616,977,FALSE,361,127,-234
293073,8,520,578,1098,FALSE,520,28,-492
293074,4,586,1357,1943,FALSE,586,385,-201
293074,8,752,1184,1936,FALSE,752,215,-537
293075,4,444,1269,1713,FALSE,444,412,-32
293075,8,616,1383,1999,FALSE,616,383,-233
293076,4,254,859,1113,FALSE,254,302,48
293076,8,317,804,1121,FALSE,317,243,-74
293077,4,532,1154,1686,FALSE,532,310,-222
293077,8,602,924,1526,FALSE,602,160,-442
293078,4,0,0,0,FALSE,0,-1,-1
293078,8,163,276,439,FALSE,163,56,-107
293079,4,588,1366,1954,FALSE,588,388,-200
293079,8,755,1252,2007,FALSE,755,248,-507
293080,4,195,566,761,FALSE,195,185,-10
293080,8,267,496,763,FALSE,267,114,-153
293081,4,455,913,1368,FALSE,455,228,-227
293081,8,594,849,1443,FALSE,594,127,-467
293082,4,728,1298,2026,FALSE,728,284,-444
293082,8,959,1209,2168,FALSE,959,124,-835
293083,4,320,732,1052,FALSE,320,205,-115
293083,8,401,670,1071,FALSE,401,134,-267
293084,4,630,1357,1987,FALSE,630,363,-267
293084,8,884,1196,2080,FALSE,884,155,-729
293085,4,346,685,1031,FALSE,346,169,-177
293085,8,419,650,1069,FALSE,419,115,-304
293086,4,371,785,1156,FALSE,371,206,-165
293086,8,455,772,1227,FALSE,455,158,-297
293087,4,528,1143,1671,FALSE,528,307,-221
293087,8,803,1148,1951,FALSE,803,172,-631
293088,4,495,1712,2207,FALSE,495,608,113
293088,8,1039,2434,3473,FALSE,1039,697,-342
293089,4,432,1377,1809,FALSE,432,472,40
293089,8,648,1664,2312,FALSE,648,507,-141
293090,4,619,1472,2091,FALSE,619,426,-193
293090,8,811,1207,2018,FALSE,811,197,-614
293091,4,123,529,652,FALSE,123,202,79
293091,8,157,496,653,FALSE,157,169,12
293092,4,360,1211,1571,FALSE,360,425,65
293092,8,435,1218,1653,FALSE,435,391,-44
293093,4,549,1722,2271,FALSE,549,586,37
293093,8,1105,2295,3400,FALSE,1105,594,-511
293094,4,272,1040,1312,FALSE,272,383,111
293094,8,404,1140,1544,FALSE,404,367,-37
293095,4,313,403,716,FALSE,313,44,-269
293095,8,413,370,783,TRUE,21,370,349
293096,4,537,1159,1696,FALSE,537,310,-227
293096,8,1017,1860,2877,FALSE,1017,421,-596
293097,4,1,9,10,FALSE,1,3,2
293097,8,4,14,18,FALSE,4,4,0
293098,4,119,207,326,FALSE,119,43,-76
293098,8,240,303,543,FALSE,240,31,-209
293099,4,220,543,763,FALSE,220,161,-59
293099,8,1180,1640,2820,FALSE,1180,229,-951
293100,4,161,317,478,FALSE,161,77,-84
293100,8,692,902,1594,FALSE,692,104,-588
293101,4,393,964,1357,FALSE,393,285,-108
293101,8,808,1411,2219,FALSE,808,301,-507
293102,4,547,1454,2001,FALSE,547,453,-94
293102,8,631,1290,1921,FALSE,631,329,-302
293103,4,46,171,217,FALSE,46,62,16
293103,8,324,455,779,FALSE,324,65,-259
293104,4,522,1367,1889,FALSE,522,422,-100
293104,8,677,1242,1919,FALSE,677,282,-395
293105,4,303,841,1144,FALSE,303,268,-35
293105,8,411,728,1139,FALSE,411,158,-253
293106,4,356,906,1262,FALSE,356,274,-82
293106,8,381,857,1238,FALSE,381,237,-144
293107,4,487,603,1090,FALSE,487,57,-430
293107,8,541,418,959,TRUE,61,418,357
293108,4,246,845,1091,FALSE,246,299,53
293108,8,377,733,1110,FALSE,377,177,-200
293109,4,669,937,1606,FALSE,669,133,-536
293109,8,883,771,1654,TRUE,55,771,716
293110,4,682,1329,2011,FALSE,682,323,-359
293110,8,836,1073,1909,FALSE,836,118,-718
293111,4,340,500,840,FALSE,340,79,-261
293111,8,438,480,918,FALSE,438,20,-418
293112,4,653,802,1455,FALSE,653,74,-579
293112,8,805,657,1462,TRUE,73,657,584
293113,4,290,302,592,FALSE,290,5,-285
293113,8,386,217,603,TRUE,84,217,133
293114,4,392,1441,1833,FALSE,392,524,132
293114,8,467,1220,1687,FALSE,467,376,-91
293115,4,398,910,1308,FALSE,398,255,-143
293115,8,475,869,1344,FALSE,475,196,-279
293116,4,438,639,1077,FALSE,438,100,-338
293116,8,531,577,1108,FALSE,531,22,-509
293117,4,541,1228,1769,FALSE,541,343,-198
293117,8,665,1151,1816,FALSE,665,242,-423
293118,4,222,382,604,FALSE,222,79,-143
293118,8,266,340,606,FALSE,266,36,-230
293119,4,682,1321,2003,FALSE,682,319,-363
293119,8,1063,1250,2313,FALSE,1063,93,-970
293120,4,688,1196,1884,FALSE,688,253,-435
293120,8,927,1084,2011,FALSE,927,78,-849
293121,4,379,1238,1617,FALSE,379,429,50
293121,8,757,1446,2203,FALSE,757,344,-413
293122,4,331,715,1046,FALSE,331,191,-140
293122,8,392,640,1032,FALSE,392,123,-269
293123,4,50,77,127,FALSE,50,13,-37
293123,8,222,202,424,TRUE,9,202,193
293124,4,81,281,362,FALSE,81,99,18
293124,8,82,279,361,FALSE,82,98,16
293125,4,356,1143,1499,FALSE,356,393,37
293125,8,874,1942,2816,FALSE,874,533,-341
293126,4,0,0,0,FALSE,0,-1,-1
293126,8,4,1,5,TRUE,1,1,0
293127,4,420,878,1298,FALSE,420,228,-192
293127,8,818,1105,1923,FALSE,818,143,-675
293128,4,138,419,557,FALSE,138,140,2
293128,8,203,473,676,FALSE,203,134,-69
293129,4,617,942,1559,FALSE,617,162,-455
293129,8,951,850,1801,TRUE,50,850,800
293130,4,329,949,1278,FALSE,329,309,-20
293130,8,413,886,1299,FALSE,413,236,-177
293131,4,195,325,520,FALSE,195,64,-131
293131,8,227,314,541,FALSE,227,43,-184
293132,4,374,437,811,FALSE,374,31,-343
293132,8,440,322,762,TRUE,58,322,264
293133,4,19,31,50,FALSE,19,5,-14
293133,8,27,40,67,FALSE,27,6,-21
293134,4,452,734,1186,FALSE,452,140,-312
293134,8,873,753,1626,TRUE,59,753,694
293135,4,128,117,245,TRUE,5,117,112
293135,8,121,99,220,TRUE,10,99,89
293136,4,109,224,333,FALSE,109,57,-52
293136,8,137,215,352,FALSE,137,38,-99
293137,4,29,40,69,FALSE,29,5,-24
293137,8,107,116,223,FALSE,107,4,-103
293138,4,84,194,278,FALSE,84,54,-30
293138,8,83,176,259,FALSE,83,46,-37
293139,4,232,400,632,FALSE,232,83,-149
293139,8,327,343,670,FALSE,327,7,-320
293140,4,130,145,275,FALSE,130,7,-123
293140,8,155,104,259,TRUE,25,104,79
293141,4,402,557,959,FALSE,402,77,-325
293141,8,479,432,911,TRUE,23,432,409
293142,4,0,5,5,FALSE,0,2,2
293142,8,0,1,1,FALSE,0,0,0
293143,4,350,660,1010,FALSE,350,154,-196
293143,8,510,546,1056,FALSE,510,17,-493
293144,4,8,27,35,FALSE,8,9,1
293144,8,17,21,38,FALSE,17,1,-16
293145,4,0,2,2,FALSE,0,0,0
293145,8,3,5,8,FALSE,3,0,-3
293146,4,692,1044,1736,FALSE,692,175,-517
293146,8,1003,976,1979,TRUE,13,976,963
293147,4,617,961,1578,FALSE,617,171,-446
293147,8,711,822,1533,FALSE,711,55,-656
293148,4,46,149,195,FALSE,46,51,5
293148,8,119,234,353,FALSE,119,57,-62
293149,4,262,230,492,TRUE,15,230,215
293149,8,692,253,945,TRUE,219,253,34
293150,4,13,18,31,FALSE,13,2,-11
293150,8,16,16,32,FALSE,16,-1,-17
293151,4,123,174,297,FALSE,123,25,-98
293151,8,151,123,274,TRUE,13,123,110
293152,4,526,547,1073,FALSE,526,10,-516
293152,8,604,392,996,TRUE,105,392,287
293153,4,465,1021,1486,FALSE,465,277,-188
293153,8,632,859,1491,FALSE,632,113,-519
293154,4,273,796,1069,FALSE,273,261,-12
293154,8,282,718,1000,FALSE,282,217,-65
293155,4,18,33,51,FALSE,18,7,-11
293155,8,36,29,65,TRUE,3,29,26
293156,4,1,3,4,FALSE,1,0,-1
293156,8,1,7,8,FALSE,1,2,1
293157,4,588,1347,1935,FALSE,588,379,-209
293157,8,754,1180,1934,FALSE,754,212,-542
293158,4,0,1,1,FALSE,0,0,0
293158,8,2,2,4,FALSE,2,-1,-3
293159,4,573,748,1321,FALSE,573,87,-486
293159,8,690,565,1255,TRUE,62,565,503
293160,4,588,586,1174,TRUE,0,586,586
293160,8,828,521,1349,TRUE,153,521,368
293161,4,468,558,1026,FALSE,468,44,-424
293161,8,650,497,1147,TRUE,76,497,421
293162,4,37,82,119,FALSE,37,22,-15
293162,8,51,69,120,FALSE,51,8,-43
293163,4,378,1234,1612,FALSE,378,427,49
293163,8,589,1119,1708,FALSE,589,264,-325
293164,4,165,696,861,FALSE,165,265,100
293164,8,935,1979,2914,FALSE,935,521,-414
293165,4,558,1493,2051,FALSE,558,467,-91
293165,8,822,1615,2437,FALSE,822,396,-426
293166,4,125,223,348,FALSE,125,48,-77
293166,8,144,198,342,FALSE,144,26,-118
293167,4,1,0,1,TRUE,0,0,0
293167,8,0,10,10,FALSE,0,4,4
293168,4,1,1,2,FALSE,1,-1,-2
293168,8,49,32,81,TRUE,8,32,24
293169,4,704,715,1419,FALSE,704,5,-699
293169,8,870,494,1364,TRUE,187,494,307
293170,4,268,252,520,TRUE,7,252,245
293170,8,302,197,499,TRUE,52,197,145
293171,4,5,7,12,FALSE,5,0,-5
293171,8,0,0,0,FALSE,0,-1,-1
293172,4,125,127,252,FALSE,125,0,-125
293172,8,221,173,394,TRUE,23,173,150
293173,4,384,1102,1486,FALSE,384,358,-26
293173,8,690,1303,1993,FALSE,690,306,-384
293174,4,337,1002,1339,FALSE,337,332,-5
293174,8,783,1583,2366,FALSE,783,399,-384
293175,4,550,1178,1728,FALSE,550,313,-237
293175,8,638,876,1514,FALSE,638,118,-520
294001,4,548,281,829,TRUE,133,281,148
294001,8,535,263,798,TRUE,135,263,128
294002,4,273,78,351,TRUE,97,78,-19
294002,8,298,63,361,TRUE,117,63,-54
294003,4,436,75,511,TRUE,180,75,-105
294003,8,460,60,520,TRUE,199,60,-139
294004,4,181,35,216,TRUE,72,35,-37
294004,8,201,20,221,TRUE,90,20,-70
294005,4,383,115,498,TRUE,133,115,-18
294005,8,400,99,499,TRUE,150,99,-51
294006,4,214,83,297,TRUE,65,83,18
294006,8,199,84,283,TRUE,57,84,27
294007,4,325,548,873,FALSE,325,111,-214
294007,8,423,489,912,FALSE,423,32,-391
294008,4,118,110,228,TRUE,3,110,107
294008,8,123,102,225,TRUE,10,102,92
294009,4,262,78,340,TRUE,91,78,-13
294009,8,262,70,332,TRUE,95,70,-25
294010,4,530,50,580,TRUE,239,50,-189
294010,8,512,24,536,TRUE,243,24,-219
294011,4,583,65,648,TRUE,258,65,-193
294011,8,610,39,649,TRUE,285,39,-246
294012,4,183,41,224,TRUE,70,41,-29
294012,8,274,30,304,TRUE,121,30,-91
294013,4,338,123,461,TRUE,107,123,16
294013,8,301,121,422,TRUE,89,121,32
294014,4,139,54,193,TRUE,42,54,12
294014,8,133,43,176,TRUE,44,43,-1
294015,4,712,296,1008,TRUE,207,296,89
294015,8,746,256,1002,TRUE,244,256,12
294016,4,708,405,1113,TRUE,151,405,254
294016,8,743,294,1037,TRUE,224,294,70
294017,4,656,306,962,TRUE,174,306,132
294017,8,681,249,930,TRUE,215,249,34
294018,4,475,207,682,TRUE,133,207,74
294018,8,500,162,662,TRUE,168,162,-6
294019,4,682,485,1167,TRUE,98,485,387
294019,8,791,361,1152,TRUE,214,361,147
294020,4,59,135,194,FALSE,59,37,-22
294020,8,126,109,235,TRUE,8,109,101
294021,4,60,77,137,FALSE,60,8,-52
294021,8,36,49,85,FALSE,36,6,-30
294022,4,84,131,215,FALSE,84,23,-61
294022,8,90,110,200,FALSE,90,9,-81
294023,4,742,829,1571,FALSE,742,43,-699
294023,8,1086,761,1847,TRUE,162,761,599
294024,4,786,666,1452,TRUE,59,666,607
294024,8,939,583,1522,TRUE,177,583,406
294025,4,393,311,704,TRUE,40,311,271
294025,8,419,204,623,TRUE,107,204,97
294026,4,528,400,928,TRUE,63,400,337
294026,8,648,279,927,TRUE,184,279,95
294027,4,447,349,796,TRUE,48,349,301
294027,8,509,267,776,TRUE,120,267,147
294028,4,815,425,1240,TRUE,194,425,231
294028,8,852,337,1189,TRUE,257,337,80
294029,4,744,182,926,TRUE,280,182,-98
294029,8,822,137,959,TRUE,342,137,-205
294030,4,418,66,484,TRUE,175,66,-109
294030,8,521,27,548,TRUE,246,27,-219
294031,4,500,224,724,TRUE,137,224,87
294031,8,570,189,759,TRUE,190,189,-1
294032,4,521,415,936,TRUE,52,415,363
294032,8,588,312,900,TRUE,137,312,175
294033,4,888,799,1687,TRUE,44,799,755
294033,8,1044,637,1681,TRUE,203,637,434
294034,4,557,366,923,TRUE,95,366,271
294034,8,625,304,929,TRUE,160,304,144
294035,4,11,10,21,TRUE,0,10,10
294035,8,18,6,24,TRUE,5,6,1
294036,4,1152,379,1531,TRUE,386,379,-7
294036,8,1285,281,1566,TRUE,501,281,-220
294037,4,335,54,389,TRUE,140,54,-86
294037,8,321,36,357,TRUE,142,36,-106
294038,4,460,114,574,TRUE,172,114,-58
294038,8,476,82,558,TRUE,196,82,-114
294039,4,636,61,697,TRUE,287,61,-226
294039,8,700,29,729,TRUE,335,29,-306
294040,4,394,56,450,TRUE,168,56,-112
294040,8,568,49,617,TRUE,259,49,-210
294041,4,1090,256,1346,TRUE,416,256,-160
294041,8,1278,135,1413,TRUE,571,135,-436
294042,4,44,32,76,TRUE,5,32,27
294042,8,62,24,86,TRUE,18,24,6
294043,4,136,78,214,TRUE,28,78,50
294043,8,137,61,198,TRUE,37,61,24
294044,4,342,348,690,FALSE,342,2,-340
294044,8,428,301,729,TRUE,63,301,238
294045,4,478,585,1063,FALSE,478,53,-425
294045,8,536,519,1055,TRUE,8,519,511
294046,4,748,1332,2080,FALSE,748,291,-457
294046,8,858,1177,2035,FALSE,858,159,-699
294047,4,312,297,609,TRUE,7,297,290
294047,8,352,245,597,TRUE,53,245,192
294048,4,188,212,400,FALSE,188,11,-177
294048,8,215,178,393,TRUE,18,178,160
294049,4,473,441,914,TRUE,15,441,426
294049,8,583,386,969,TRUE,98,386,288
294050,4,339,725,1064,FALSE,339,192,-147
294050,8,403,644,1047,FALSE,403,120,-283
294051,4,401,1007,1408,FALSE,401,302,-99
294051,8,489,894,1383,FALSE,489,202,-287
294052,4,449,860,1309,FALSE,449,205,-244
294052,8,851,988,1839,FALSE,851,68,-783
294053,4,406,669,1075,FALSE,406,131,-275
294053,8,471,474,945,FALSE,471,1,-470
294054,4,517,913,1430,FALSE,517,197,-320
294054,8,985,849,1834,TRUE,67,849,782
294055,4,339,651,990,FALSE,339,155,-184
294055,8,414,549,963,FALSE,414,67,-347
294056,4,534,1067,1601,FALSE,534,266,-268
294056,8,752,1006,1758,FALSE,752,126,-626
294057,4,325,1067,1392,FALSE,325,370,45
294057,8,481,1054,1535,FALSE,481,286,-195
294058,4,391,947,1338,FALSE,391,277,-114
294058,8,426,819,1245,FALSE,426,196,-230
294059,4,417,792,1209,FALSE,417,187,-230
294059,8,549,677,1226,FALSE,549,63,-486
294060,4,429,356,785,TRUE,36,356,320
294060,8,494,283,777,TRUE,105,283,178
294061,4,646,485,1131,TRUE,80,485,405
294061,8,737,379,1116,TRUE,178,379,201
294062,4,77,111,188,FALSE,77,16,-61
294062,8,166,95,261,TRUE,35,95,60
294063,4,316,309,625,TRUE,3,309,306
294063,8,451,243,694,TRUE,103,243,140
294064,4,285,495,780,FALSE,285,104,-181
294064,8,293,430,723,FALSE,293,68,-225
294065,4,815,637,1452,TRUE,88,637,549
294065,8,758,337,1095,TRUE,210,337,127
294066,4,972,949,1921,TRUE,11,949,938
294066,8,1717,901,2618,TRUE,407,901,494
294067,4,267,469,736,FALSE,267,100,-167
294067,8,359,402,761,FALSE,359,21,-338
294068,4,24,8,32,TRUE,7,8,1
294068,8,32,24,56,TRUE,3,24,21
294069,4,335,726,1061,FALSE,335,195,-140
294069,8,451,711,1162,FALSE,451,129,-322
294070,4,740,348,1088,TRUE,195,348,153
294070,8,1245,417,1662,TRUE,413,417,4
294071,4,185,881,1066,FALSE,185,347,162
294071,8,241,991,1232,FALSE,241,374,133
294072,4,368,1080,1448,FALSE,368,355,-13
294072,8,500,1084,1584,FALSE,500,291,-209
294073,4,253,445,698,FALSE,253,95,-158
294073,8,353,449,802,FALSE,353,47,-306
294074,4,373,587,960,FALSE,373,106,-267
294074,8,457,501,958,FALSE,457,21,-436
294075,4,179,64,243,TRUE,57,64,7
294075,8,199,50,249,TRUE,74,50,-24
294076,4,394,346,740,TRUE,23,346,323
294076,8,781,342,1123,TRUE,219,342,123
294077,4,411,343,754,TRUE,33,343,310
294077,8,318,236,554,TRUE,40,236,196
294078,4,154,493,647,FALSE,154,169,15
294078,8,167,492,659,FALSE,167,162,-5
294079,4,295,743,1038,FALSE,295,223,-72
294079,8,396,614,1010,FALSE,396,108,-288
294080,4,589,535,1124,TRUE,26,535,509
294080,8,747,423,1170,TRUE,161,423,262
294081,4,180,673,853,FALSE,180,246,66
294081,8,202,462,664,FALSE,202,129,-73
294082,4,620,184,804,TRUE,217,184,-33
294082,8,785,121,906,TRUE,331,121,-210
294083,4,133,282,415,FALSE,133,74,-59
294083,8,183,265,448,FALSE,183,40,-143
294084,4,152,69,221,TRUE,41,69,28
294084,8,188,50,238,TRUE,68,50,-18
294085,4,32,129,161,FALSE,32,48,16
294085,8,32,124,156,FALSE,32,45,13
294086,4,97,169,266,FALSE,97,35,-62
294086,8,106,141,247,FALSE,106,17,-89
294087,4,30,78,108,FALSE,30,23,-7
294087,8,104,141,245,FALSE,104,18,-86
294088,4,809,782,1591,TRUE,13,782,769
294088,8,1082,627,1709,TRUE,227,627,400
294089,4,461,861,1322,FALSE,461,199,-262
294089,8,823,937,1760,FALSE,823,56,-767
294090,4,332,561,893,FALSE,332,114,-218
294090,8,448,552,1000,FALSE,448,51,-397
294091,4,136,120,256,TRUE,7,120,113
294091,8,123,104,227,TRUE,9,104,95
294092,4,385,760,1145,FALSE,385,187,-198
294092,8,451,671,1122,FALSE,451,109,-342
294093,4,528,1011,1539,FALSE,528,241,-287
294093,8,691,818,1509,FALSE,691,63,-628
294094,4,443,691,1134,FALSE,443,123,-320
294094,8,450,566,1016,FALSE,450,57,-393
294095,4,380,804,1184,FALSE,380,211,-169
294095,8,437,659,1096,FALSE,437,110,-327
294096,4,558,669,1227,FALSE,558,55,-503
294096,8,725,532,1257,TRUE,96,532,436
294097,4,74,166,240,FALSE,74,45,-29
294097,8,299,424,723,FALSE,299,62,-237
294098,4,339,540,879,FALSE,339,100,-239
294098,8,633,636,1269,FALSE,633,1,-632
294099,4,286,353,639,FALSE,286,33,-253
294099,8,351,311,662,TRUE,19,311,292
294100,4,9,15,24,FALSE,9,2,-7
294100,8,77,80,157,FALSE,77,1,-76
294101,4,35,24,59,TRUE,5,24,19
294101,8,39,26,65,TRUE,6,26,20
294102,4,226,217,443,TRUE,4,217,213
294102,8,249,141,390,TRUE,53,141,88
294103,4,28,20,48,TRUE,3,20,17
294103,8,43,8,51,TRUE,17,8,-9
294104,4,315,593,908,FALSE,315,138,-177
294104,8,514,569,1083,FALSE,514,27,-487
294105,4,30,99,129,FALSE,30,34,4
294105,8,50,111,161,FALSE,50,30,-20
294106,4,161,115,276,TRUE,22,115,93
294106,8,181,74,255,TRUE,53,74,21
294107,4,156,413,569,FALSE,156,128,-28
294107,8,284,443,727,FALSE,284,79,-205
294108,4,468,792,1260,FALSE,468,161,-307
294108,8,595,653,1248,FALSE,595,28,-567
294109,4,42,27,69,TRUE,7,27,20
294109,8,57,20,77,TRUE,18,20,2
294110,4,390,203,593,TRUE,93,203,110
294110,8,449,157,606,TRUE,145,157,12
294111,4,86,90,176,FALSE,86,1,-85
294111,8,110,56,166,TRUE,26,56,30
294112,4,159,438,597,FALSE,159,139,-20
294112,8,155,430,585,FALSE,155,137,-18
294113,4,0,0,0,FALSE,0,-1,-1
294113,8,37,37,74,FALSE,37,-1,-38
294114,4,1,0,1,TRUE,0,0,0
294114,8,2,2,4,FALSE,2,-1,-3
294115,4,7,25,32,FALSE,7,8,1
294115,8,27,34,61,FALSE,27,3,-24
294116,4,3,18,21,FALSE,3,7,4
294116,8,6,12,18,FALSE,6,2,-4
294117,4,0,0,0,FALSE,0,-1,-1
294117,8,0,0,0,FALSE,0,-1,-1
294118,4,0,6,6,FALSE,0,2,2
294118,8,1,7,8,FALSE,1,2,1
294119,4,175,84,259,TRUE,45,84,39
294119,8,156,71,227,TRUE,42,71,29
294120,4,26,91,117,FALSE,26,32,6
294120,8,36,102,138,FALSE,36,32,-4
294121,4,24,67,91,FALSE,24,21,-3
294121,8,34,70,104,FALSE,34,17,-17
294122,4,34,14,48,TRUE,9,14,5
294122,8,52,3,55,TRUE,24,3,-21
294123,4,176,77,253,TRUE,49,77,28
294123,8,154,65,219,TRUE,44,65,21
294124,4,29,20,49,TRUE,4,20,16
294124,8,46,10,56,TRUE,17,10,-7
294125,4,13,11,24,TRUE,0,11,11
294125,8,22,6,28,TRUE,7,6,-1
294126,4,95,319,414,FALSE,95,111,16
294126,8,122,293,415,FALSE,122,85,-37
294127,4,1,2,3,FALSE,1,0,-1
294127,8,3,4,7,FALSE,3,0,-3
294128,4,1,9,10,FALSE,1,3,2
294128,8,3,9,12,FALSE,3,2,-1
294129,4,0,0,0,FALSE,0,-1,-1
294129,8,0,0,0,FALSE,0,-1,-1
294130,4,49,109,158,FALSE,49,29,-20
294130,8,98,105,203,FALSE,98,3,-95
294131,4,8,9,17,FALSE,8,0,-8
294131,8,6,4,10,TRUE,0,4,4
294132,4,392,583,975,FALSE,392,95,-297
294132,8,1160,815,1975,TRUE,172,815,643
294133,4,12,8,20,TRUE,1,8,7
294133,8,14,10,24,TRUE,1,10,9
294134,4,147,127,274,TRUE,9,127,118
294134,8,158,132,290,TRUE,12,132,120
294135,4,56,54,110,TRUE,0,54,54
294135,8,47,40,87,TRUE,3,40,37
294136,4,35,63,98,FALSE,35,13,-22
294136,8,43,70,113,FALSE,43,13,-30
294137,4,1,26,27,FALSE,1,12,11
294137,8,7,21,28,FALSE,7,6,-1
294138,4,0,1,1,FALSE,0,0,0
294138,8,1,0,1,TRUE,0,0,0
294139,4,0,2,2,FALSE,0,0,0
294139,8,0,4,4,FALSE,0,1,1
294140,4,0,0,0,FALSE,0,-1,-1
294140,8,0,0,0,FALSE,0,-1,-1
294141,4,42,58,100,FALSE,42,7,-35
294141,8,38,61,99,FALSE,38,11,-27
294142,4,107,101,208,TRUE,2,101,99
294142,8,120,89,209,TRUE,15,89,74
294143,4,9,20,29,FALSE,9,5,-4
294143,8,21,15,36,TRUE,2,15,13
294144,4,230,216,446,TRUE,6,216,210
294144,8,301,213,514,TRUE,43,213,170
294145,4,81,115,196,FALSE,81,16,-65
294145,8,117,113,230,TRUE,1,113,112
294146,4,1,1,2,FALSE,1,-1,-2
294146,8,1,0,1,TRUE,0,0,0
294147,4,187,170,357,TRUE,8,170,162
294147,8,201,141,342,TRUE,29,141,112
294148,4,233,306,539,FALSE,233,36,-197
294148,8,287,273,560,TRUE,6,273,267
294149,4,61,104,165,FALSE,61,21,-40
294149,8,112,89,201,TRUE,11,89,78
294150,4,406,433,839,FALSE,406,13,-393
294150,8,968,539,1507,TRUE,214,539,325
294151,4,96,91,187,TRUE,2,91,89
294151,8,128,72,200,TRUE,27,72,45
294152,4,423,593,1016,FALSE,423,84,-339
294152,8,474,486,960,FALSE,474,5,-469
294153,4,37,120,157,FALSE,37,41,4
294153,8,58,106,164,FALSE,58,23,-35
294154,4,140,244,384,FALSE,140,51,-89
294154,8,168,215,383,FALSE,168,23,-145
294155,4,857,352,1209,TRUE,252,352,100
294155,8,912,295,1207,TRUE,308,295,-13
294156,4,172,176,348,FALSE,172,1,-171
294156,8,379,198,577,TRUE,90,198,108
294157,4,588,238,826,TRUE,174,238,64
294157,8,584,175,759,TRUE,204,175,-29
294158,4,62,53,115,TRUE,4,53,49
294158,8,56,46,102,TRUE,4,46,42
294159,4,0,2,2,FALSE,0,0,0
294159,8,0,2,2,FALSE,0,0,0
294160,4,313,226,539,TRUE,43,226,183
294160,8,481,187,668,TRUE,146,187,41
294161,4,121,94,215,TRUE,13,94,81
294161,8,654,236,890,TRUE,208,236,28
294162,4,321,581,902,FALSE,321,129,-192
294162,8,538,581,1119,FALSE,538,21,-517
294163,4,586,596,1182,FALSE,586,4,-582
294163,8,893,424,1317,TRUE,234,424,190
294164,4,481,1176,1657,FALSE,481,347,-134
294164,8,567,1033,1600,FALSE,567,232,-335
294165,4,277,428,705,FALSE,277,75,-202
294165,8,344,339,683,TRUE,2,339,337
294166,4,222,280,502,FALSE,222,28,-194
294166,8,308,186,494,TRUE,60,186,126
294167,4,1,4,5,FALSE,1,1,0
294167,8,0,3,3,FALSE,0,1,1
294168,4,823,885,1708,FALSE,823,30,-793
294168,8,1256,607,1863,TRUE,324,607,283
294169,4,365,466,831,FALSE,365,50,-315
294169,8,430,395,825,TRUE,17,395,378
294170,4,103,138,241,FALSE,103,17,-86
294170,8,108,115,223,FALSE,108,3,-105
294171,4,407,942,1349,FALSE,407,267,-140
294171,8,468,784,1252,FALSE,468,157,-311
294172,4,239,480,719,FALSE,239,120,-119
294172,8,312,390,702,FALSE,312,38,-274
294173,4,370,656,1026,FALSE,370,142,-228
294173,8,453,561,1014,FALSE,453,53,-400
294174,4,64,84,148,FALSE,64,9,-55
294174,8,77,64,141,TRUE,6,64,58
294175,4,19,34,53,FALSE,19,7,-12
294175,8,19,31,50,FALSE,19,5,-14
294176,4,64,140,204,FALSE,64,37,-27
294176,8,89,138,227,FALSE,89,24,-65
294177,4,8,3,11,TRUE,2,3,1
294177,8,11,1,12,TRUE,4,1,-3
294178,4,0,1,1,FALSE,0,0,0
294178,8,0,4,4,FALSE,0,1,1
294179,4,549,1122,1671,FALSE,549,286,-263
294179,8,749,994,1743,FALSE,749,122,-627
294180,4,0,1,1,FALSE,0,0,0
294180,8,1,0,1,TRUE,0,0,0
294181,4,0,1,1,FALSE,0,0,0
294181,8,1,0,1,TRUE,0,0,0
294182,4,1,4,5,FALSE,1,1,0
294182,8,2,0,2,TRUE,0,0,0
294183,4,0,0,0,FALSE,0,-1,-1
294183,8,0,1,1,FALSE,0,0,0
294184,4,0,0,0,FALSE,0,-1,-1
294184,8,0,0,0,FALSE,0,-1,-1
294186,4,0,0,0,FALSE,0,-1,-1
294186,8,0,0,0,FALSE,0,-1,-1
2950106,4,12,173,185,FALSE,12,80,68
2950106,8,24,155,179,FALSE,24,65,41
2950202,4,7,95,102,FALSE,7,43,36
2950202,8,6,106,112,FALSE,6,49,43
2950207,4,19,222,241,FALSE,19,101,82
2950207,8,23,216,239,FALSE,23,96,73
2950303,4,72,266,338,FALSE,72,96,24
2950303,8,48,233,281,FALSE,48,92,44
2950308,4,4,106,110,FALSE,4,50,46
2950308,8,8,96,104,FALSE,8,43,35
2950404,4,65,211,276,FALSE,65,72,7
2950404,8,43,220,263,FALSE,43,88,45
2950409,4,5,74,79,FALSE,5,34,29
2950409,8,3,67,70,FALSE,3,31,28
2970001,4,56,194,250,FALSE,56,68,12
2970001,8,55,191,246,FALSE,55,67,12
2970002,4,113,410,523,FALSE,113,148,35
2970002,8,123,432,555,FALSE,123,154,31
2970003,4,242,221,463,TRUE,10,221,211
2970003,8,217,213,430,TRUE,1,213,212
2970004,4,106,463,569,FALSE,106,178,72
2970004,8,107,421,528,FALSE,107,156,49
2970005,4,14,142,156,FALSE,14,63,49
2970005,8,18,153,171,FALSE,18,67,49
2970006,4,23,99,122,FALSE,23,37,14
2970006,8,24,109,133,FALSE,24,42,18
2970007,4,10,26,36,FALSE,10,7,-3
2970007,8,8,20,28,FALSE,8,5,-3
2970008,4,20,71,91,FALSE,20,25,5
2970008,8,13,78,91,FALSE,13,32,19
2970009,4,191,433,624,FALSE,191,120,-71
2970009,8,220,398,618,FALSE,220,88,-132
2970010,4,83,204,287,FALSE,83,60,-23
2970010,8,69,191,260,FALSE,69,60,-9
2970011,4,15,40,55,FALSE,15,12,-3
2970011,8,10,34,44,FALSE,10,11,1
2970012,4,19,55,74,FALSE,19,17,-2
2970012,8,17,66,83,FALSE,17,24,7
2970013,4,29,258,287,FALSE,29,114,85
2970013,8,38,275,313,FALSE,38,118,80
2970014,4,115,531,646,FALSE,115,207,92
2970014,8,129,519,648,FALSE,129,194,65
2990101,4,81,257,338,FALSE,81,87,6
2990101,8,66,246,312,FALSE,66,89,23
2990102,4,59,265,324,FALSE,59,102,43
2990102,8,52,268,320,FALSE,52,107,55
2990108,4,127,390,517,FALSE,127,131,4
2990108,8,130,363,493,FALSE,130,116,-14
2990109,4,281,1672,1953,FALSE,281,695,414
2990109,8,373,1640,2013,FALSE,373,633,260
2990203,4,257,828,1085,FALSE,257,285,28
2990203,8,234,825,1059,FALSE,234,295,61
2990204,4,174,459,633,FALSE,174,142,-32
2990204,8,153,457,610,FALSE,153,151,-2
2990205,4,190,351,541,FALSE,190,80,-110
2990205,8,155,315,470,FALSE,155,79,-76
2990307,4,551,1532,2083,FALSE,551,490,-61
2990307,8,553,1575,2128,FALSE,553,510,-43
2990410,4,537,1487,2024,FALSE,537,474,-63
2990410,8,534,1592,2126,FALSE,534,528,-6
30001,4,172,722,894,FALSE,172,274,102
30001,8,176,750,926,FALSE,176,286,110
30002,4,181,1374,1555,FALSE,181,596,415
30002,8,210,1377,1587,FALSE,210,583,373
30003,4,172,982,1154,FALSE,172,404,232
30003,8,213,948,1161,FALSE,213,367,154
30004,4,152,759,911,FALSE,152,303,151
30004,8,191,740,931,FALSE,191,274,83
3010001,4,3,16,19,FALSE,3,6,3
3010001,8,1,22,23,FALSE,1,10,9
3010002,4,4,12,16,FALSE,4,3,-1
3010002,8,2,9,11,FALSE,2,3,1
3010003,4,0,11,11,FALSE,0,5,5
3010003,8,6,23,29,FALSE,6,8,2
3010004,4,5,26,31,FALSE,5,10,5
3010004,8,3,13,16,FALSE,3,4,1
3030001,4,452,536,988,FALSE,452,41,-411
3030001,8,747,557,1304,TRUE,94,557,463
NA,4,352,680,1032,FALSE,352,163,-189
NA,8,510,591,1101,FALSE,510,40,-470
NA,4,0,0,0,FALSE,0,-1,-1
NA,8,0,0,0,FALSE,0,-1,-1
3030003,4,665,792,1457,FALSE,665,63,-602
3030003,8,796,423,1219,TRUE,186,423,237
3030004,4,326,212,538,TRUE,56,212,156
3030004,8,377,132,509,TRUE,122,132,10
3030005,4,207,120,327,TRUE,43,120,77
3030005,8,226,122,348,TRUE,51,122,71
3030006,4,1099,316,1415,TRUE,391,316,-75
3030006,8,1347,143,1490,TRUE,601,143,-458
3030007,4,299,1416,1715,FALSE,299,558,259
3030007,8,387,1252,1639,FALSE,387,432,45
3030008,4,192,455,647,FALSE,192,131,-61
3030008,8,316,517,833,FALSE,316,100,-216
3030009,4,574,1824,2398,FALSE,574,624,50
3030009,8,766,1803,2569,FALSE,766,518,-248
3030010,4,270,341,611,FALSE,270,35,-235
3030010,8,321,245,566,TRUE,37,245,208
3030012,4,282,1198,1480,FALSE,282,457,175
3030012,8,357,1076,1433,FALSE,357,359,2
3030013,4,356,1022,1378,FALSE,356,332,-24
3030013,8,449,886,1335,FALSE,449,218,-231
3030014,4,231,598,829,FALSE,231,183,-48
3030014,8,291,467,758,FALSE,291,87,-204
3030015,4,462,816,1278,FALSE,462,176,-286
3030015,8,567,645,1212,FALSE,567,38,-529
3030016,4,277,523,800,FALSE,277,122,-155
3030016,8,307,442,749,FALSE,307,67,-240
3030017,4,218,347,565,FALSE,218,64,-154
3030017,8,265,204,469,TRUE,30,204,174
3030018,4,304,526,830,FALSE,304,110,-194
3030018,8,373,393,766,FALSE,373,9,-364
3030019,4,502,545,1047,FALSE,502,21,-481
3030019,8,618,350,968,TRUE,133,350,217
3030020,4,516,81,597,TRUE,217,81,-136
3030020,8,642,28,670,TRUE,306,28,-278
3030021,4,351,1032,1383,FALSE,351,340,-11
3030021,8,433,746,1179,FALSE,433,156,-277
3030022,4,317,1144,1461,FALSE,317,413,96
3030022,8,368,969,1337,FALSE,368,300,-68
3030023,4,255,753,1008,FALSE,255,248,-7
3030023,8,304,689,993,FALSE,304,192,-112
3030024,4,359,881,1240,FALSE,359,260,-99
3030024,8,459,649,1108,FALSE,459,94,-365
3030025,4,412,609,1021,FALSE,412,98,-314
3030025,8,460,427,887,TRUE,16,427,411
3030026,4,447,620,1067,FALSE,447,86,-361
3030026,8,625,482,1107,TRUE,71,482,411
3030027,4,488,1451,1939,FALSE,488,481,-7
3030027,8,678,1194,1872,FALSE,678,257,-421
3030028,4,405,1544,1949,FALSE,405,569,164
3030028,8,558,1239,1797,FALSE,558,340,-218
3030029,4,393,896,1289,FALSE,393,251,-142
3030029,8,490,679,1169,FALSE,490,94,-396
3030030,4,443,1523,1966,FALSE,443,539,96
3030030,8,558,1332,1890,FALSE,558,386,-172
3030031,4,125,657,782,FALSE,125,265,140
3030031,8,153,655,808,FALSE,153,250,97
3030033,4,191,1201,1392,FALSE,191,504,313
3030033,8,284,1209,1493,FALSE,284,462,178
3030034,4,84,263,347,FALSE,84,89,5
3030034,8,115,265,380,FALSE,115,74,-41
3030035,4,82,302,384,FALSE,82,109,27
3030035,8,100,293,393,FALSE,100,96,-4
3030036,4,389,968,1357,FALSE,389,289,-100
3030036,8,410,904,1314,FALSE,410,246,-164
3030038,4,376,425,801,FALSE,376,24,-352
3030038,8,389,366,755,TRUE,11,366,355
3030039,4,200,970,1170,FALSE,200,384,184
3030039,8,264,957,1221,FALSE,264,346,82
3030040,4,325,79,404,TRUE,122,79,-43
3030040,8,453,42,495,TRUE,205,42,-163
3030041,4,282,1048,1330,FALSE,282,382,100
3030041,8,380,1033,1413,FALSE,380,326,-54
3030043,4,34,230,264,FALSE,34,97,63
3030043,8,48,272,320,FALSE,48,111,63
3030044,4,159,574,733,FALSE,159,207,48
3030044,8,185,567,752,FALSE,185,190,5
3030045,4,46,214,260,FALSE,46,83,37
3030045,8,69,204,273,FALSE,69,67,-2
3030046,4,282,1796,2078,FALSE,282,756,474
3030046,8,397,1790,2187,FALSE,397,696,299
3030047,4,405,1515,1920,FALSE,405,554,149
3030047,8,525,1274,1799,FALSE,525,374,-151
3030049,4,206,577,783,FALSE,206,185,-21
3030049,8,362,440,802,FALSE,362,38,-324
3030050,4,229,584,813,FALSE,229,177,-52
3030050,8,367,507,874,FALSE,367,69,-298
3030051,4,82,326,408,FALSE,82,121,39
3030051,8,147,254,401,FALSE,147,53,-94
3030052,4,448,1997,2445,FALSE,448,774,326
3030052,8,747,2200,2947,FALSE,747,726,-21
3030053,4,435,1337,1772,FALSE,435,450,15
3030053,8,582,1099,1681,FALSE,582,258,-324
3030054,4,397,2230,2627,FALSE,397,916,519
3030054,8,480,1989,2469,FALSE,480,754,274
3030056,4,34,181,215,FALSE,34,73,39
3030056,8,72,212,284,FALSE,72,69,-3
3030057,4,86,412,498,FALSE,86,162,76
3030057,8,167,355,522,FALSE,167,93,-74
3030058,4,116,628,744,FALSE,116,255,139
3030058,8,192,689,881,FALSE,192,248,56
3030059,4,411,1309,1720,FALSE,411,448,37
3030059,8,552,1033,1585,FALSE,552,240,-312
3030060,4,184,815,999,FALSE,184,315,131
3030060,8,197,754,951,FALSE,197,278,81
3030062,4,354,1450,1804,FALSE,354,547,193
3030062,8,414,1294,1708,FALSE,414,439,25
3030063,4,31,79,110,FALSE,31,23,-8
3030063,8,36,35,71,TRUE,0,35,35
3030064,4,2,11,13,FALSE,2,4,2
3030064,8,0,7,7,FALSE,0,3,3
3030065,4,28,134,162,FALSE,28,52,24
3030065,8,39,135,174,FALSE,39,47,8
3030066,4,294,1670,1964,FALSE,294,687,393
3030066,8,406,1627,2033,FALSE,406,610,204
3030067,4,243,963,1206,FALSE,243,359,116
3030067,8,362,908,1270,FALSE,362,272,-90
3030069,4,5,7,12,FALSE,5,0,-5
3030069,8,3,4,7,FALSE,3,0,-3
3030072,4,388,1663,2051,FALSE,388,637,249
3030072,8,567,1259,1826,FALSE,567,345,-222
3030075,4,110,776,886,FALSE,110,332,222
3030075,8,131,776,907,FALSE,131,322,191
3030076,4,120,557,677,FALSE,120,218,98
3030076,8,262,708,970,FALSE,262,222,-40
3030078,4,95,641,736,FALSE,95,272,177
3030078,8,167,921,1088,FALSE,167,376,209
3030092,4,46,196,242,FALSE,46,74,28
3030092,8,60,171,231,FALSE,60,55,-5
3030096,4,0,0,0,FALSE,0,-1,-1
3030096,8,0,0,0,FALSE,0,-1,-1
3030102,4,18,180,198,FALSE,18,80,62
3030102,8,29,216,245,FALSE,29,93,64
3030104,4,34,319,353,FALSE,34,142,108
3030104,8,55,342,397,FALSE,55,143,88
3030109,4,100,579,679,FALSE,100,239,139
3030109,8,198,819,1017,FALSE,198,310,112
3030110,4,126,672,798,FALSE,126,272,146
3030110,8,236,1076,1312,FALSE,236,419,183
3030111,4,152,1038,1190,FALSE,152,442,290
3030111,8,569,2223,2792,FALSE,569,826,257
3030112,4,15,194,209,FALSE,15,89,74
3030112,8,21,204,225,FALSE,21,91,70
3030113,4,96,231,327,FALSE,96,67,-29
3030113,8,269,486,755,FALSE,269,108,-161
3030114,4,189,269,458,FALSE,189,39,-150
3030114,8,226,214,440,TRUE,5,214,209
3030115,4,2,6,8,FALSE,2,1,-1
3030115,8,11,58,69,FALSE,11,23,12
3030116,4,0,0,0,FALSE,0,-1,-1
3030116,8,0,0,0,FALSE,0,-1,-1
3030117,4,3,31,34,FALSE,3,13,10
3030117,8,5,65,70,FALSE,5,29,24
3030118,4,306,1094,1400,FALSE,306,393,87
3030118,8,328,861,1189,FALSE,328,266,-62
3030119,4,300,1038,1338,FALSE,300,368,68
3030119,8,625,1002,1627,FALSE,625,188,-437
3030120,4,211,1313,1524,FALSE,211,550,339
3030120,8,335,1377,1712,FALSE,335,520,185
3030121,4,176,1489,1665,FALSE,176,656,480
3030121,8,369,2174,2543,FALSE,369,902,533
3030122,4,168,728,896,FALSE,168,279,111
3030122,8,203,654,857,FALSE,203,225,22
3030123,4,234,1126,1360,FALSE,234,445,211
3030123,8,334,1004,1338,FALSE,334,334,0
3030124,4,253,1332,1585,FALSE,253,539,286
3030124,8,307,1160,1467,FALSE,307,426,119
3030125,4,243,1400,1643,FALSE,243,578,335
3030125,8,351,1315,1666,FALSE,351,481,130
3030126,4,256,929,1185,FALSE,256,336,80
3030126,8,314,781,1095,FALSE,314,233,-81
3030127,4,340,1616,1956,FALSE,340,637,297
3030127,8,402,1450,1852,FALSE,402,523,121
3030128,4,197,1297,1494,FALSE,197,549,352
3030128,8,233,1253,1486,FALSE,233,509,276
3030129,4,234,1392,1626,FALSE,234,578,344
3030129,8,300,1227,1527,FALSE,300,463,163
3030130,4,0,0,0,FALSE,0,-1,-1
3030130,8,0,0,0,FALSE,0,-1,-1
3030131,4,1,8,9,FALSE,1,3,2
3030131,8,0,7,7,FALSE,0,3,3
3030132,4,4,26,30,FALSE,4,10,6
3030132,8,0,0,0,FALSE,0,-1,-1
3030133,4,0,0,0,FALSE,0,-1,-1
3030133,8,0,6,6,FALSE,0,2,2
3030134,4,4,24,28,FALSE,4,9,5
3030134,8,9,86,95,FALSE,9,38,29
3030135,4,8,39,47,FALSE,8,15,7
3030135,8,9,38,47,FALSE,9,14,5
3030136,4,0,0,0,FALSE,0,-1,-1
3030136,8,0,0,0,FALSE,0,-1,-1
3030137,4,0,0,0,FALSE,0,-1,-1
3030137,8,0,0,0,FALSE,0,-1,-1
3030138,4,24,177,201,FALSE,24,76,52
3030138,8,69,313,382,FALSE,69,121,52
3030139,4,0,2,2,FALSE,0,0,0
3030139,8,0,3,3,FALSE,0,1,1
NA,4,68,181,249,FALSE,68,56,-12
NA,8,67,143,210,FALSE,67,37,-30
NA,4,2,14,16,FALSE,2,5,3
NA,8,2,14,16,FALSE,2,5,3
3050002,4,50,199,249,FALSE,50,74,24
3050002,8,72,178,250,FALSE,72,52,-20
3050003,4,105,301,406,FALSE,105,97,-8
3050003,8,111,223,334,FALSE,111,55,-56
3050004,4,33,208,241,FALSE,33,87,54
3050004,8,50,219,269,FALSE,50,84,34
3050005,4,5,19,24,FALSE,5,6,1
3050005,8,3,24,27,FALSE,3,10,7
3050006,4,65,248,313,FALSE,65,91,26
3050006,8,74,184,258,FALSE,74,54,-20
3050007,4,4,34,38,FALSE,4,14,10
3050007,8,1,31,32,FALSE,1,14,13
3050008,4,9,31,40,FALSE,9,10,1
3050008,8,11,17,28,FALSE,11,2,-9
3050009,4,38,239,277,FALSE,38,100,62
3050009,8,81,225,306,FALSE,81,71,-10
3050010,4,0,13,13,FALSE,0,6,6
3050010,8,1,10,11,FALSE,1,4,3
3050011,4,11,41,52,FALSE,11,14,3
3050011,8,10,46,56,FALSE,10,17,7
3050012,4,39,78,117,FALSE,39,19,-20
3050012,8,46,39,85,TRUE,3,39,36
3050013,4,6,82,88,FALSE,6,37,31
3050013,8,10,86,96,FALSE,10,37,27
3050014,4,55,88,143,FALSE,55,16,-39
3050014,8,88,34,122,TRUE,26,34,8
3070101,4,117,434,551,FALSE,117,158,41
3070101,8,110,438,548,FALSE,110,163,53
3070102,4,65,348,413,FALSE,65,141,76
3070102,8,79,344,423,FALSE,79,132,53
3070103,4,31,89,120,FALSE,31,28,-3
3070103,8,28,73,101,FALSE,28,22,-6
NA,4,156,252,408,FALSE,156,47,-109
NA,8,167,209,376,FALSE,167,20,-147
NA,4,1,3,4,FALSE,1,0,-1
NA,8,1,2,3,FALSE,1,0,-1
3070202,4,18,94,112,FALSE,18,37,19
3070202,8,15,79,94,FALSE,15,31,16
3070301,4,144,504,648,FALSE,144,179,35
3070301,8,147,439,586,FALSE,147,145,-2
3070302,4,34,150,184,FALSE,34,57,23
3070302,8,28,125,153,FALSE,28,48,20
3070401,4,105,304,409,FALSE,105,99,-6
3070401,8,99,278,377,FALSE,99,89,-10
3070402,4,57,193,250,FALSE,57,67,10
3070402,8,40,214,254,FALSE,40,86,46
3070403,4,17,65,82,FALSE,17,23,6
3070403,8,14,62,76,FALSE,14,23,9
3090001,4,39,44,83,FALSE,39,2,-37
3090001,8,40,20,60,TRUE,9,20,11
3090002,4,139,68,207,TRUE,35,68,33
3090002,8,134,33,167,TRUE,50,33,-17
3090003,4,556,1333,1889,FALSE,556,388,-168
3090003,8,1009,1191,2200,FALSE,1009,90,-919
3090004,4,33,63,96,FALSE,33,14,-19
3090004,8,29,24,53,TRUE,2,24,22
3090005,4,268,150,418,TRUE,58,150,92
3090005,8,242,106,348,TRUE,67,106,39
3090006,4,190,168,358,TRUE,10,168,158
3090006,8,225,108,333,TRUE,58,108,50
3090007,4,377,323,700,TRUE,26,323,297
3090007,8,474,237,711,TRUE,118,237,119
3090008,4,322,435,757,FALSE,322,56,-266
3090008,8,368,341,709,TRUE,13,341,328
3090009,4,244,175,419,TRUE,34,175,141
3090009,8,270,120,390,TRUE,74,120,46
3090010,4,796,101,897,TRUE,347,101,-246
3090010,8,913,63,976,TRUE,424,63,-361
3090011,4,382,1118,1500,FALSE,382,367,-15
3090011,8,421,998,1419,FALSE,421,288,-133
3090012,4,1589,139,1728,TRUE,724,139,-585
3090012,8,1736,67,1803,TRUE,834,67,-767
3090013,4,12,23,35,FALSE,12,5,-7
3090013,8,57,33,90,TRUE,11,33,22
3090014,4,713,74,787,TRUE,319,74,-245
3090014,8,785,51,836,TRUE,366,51,-315
3090015,4,69,153,222,FALSE,69,41,-28
3090015,8,51,133,184,FALSE,51,40,-11
3090016,4,68,256,324,FALSE,68,93,25
3090016,8,53,214,267,FALSE,53,80,27
3090017,4,303,349,652,FALSE,303,22,-281
3090017,8,278,318,596,FALSE,278,19,-259
3090018,4,151,203,354,FALSE,151,25,-126
3090018,8,211,214,425,FALSE,211,1,-210
3090019,4,393,1401,1794,FALSE,393,503,110
3090019,8,517,1355,1872,FALSE,517,418,-99
3090020,4,159,52,211,TRUE,53,52,-1
3090020,8,164,74,238,TRUE,44,74,30
3090021,4,63,53,116,TRUE,4,53,49
3090021,8,131,152,283,FALSE,131,10,-121
3090022,4,144,95,239,TRUE,24,95,71
3090022,8,150,76,226,TRUE,36,76,40
3090023,4,474,1977,2451,FALSE,474,751,277
3090023,8,610,1936,2546,FALSE,610,662,52
3090024,4,243,310,553,FALSE,243,33,-210
3090024,8,276,235,511,TRUE,20,235,215
3090025,4,464,418,882,TRUE,22,418,396
3090025,8,427,280,707,TRUE,73,280,207
3090026,4,148,172,320,FALSE,148,11,-137
3090026,8,124,118,242,TRUE,2,118,116
3090027,4,316,131,447,TRUE,92,131,39
3090027,8,414,90,504,TRUE,161,90,-71
3090028,4,248,519,767,FALSE,248,135,-113
3090028,8,297,449,746,FALSE,297,75,-222
3090029,4,226,294,520,FALSE,226,33,-193
3090029,8,216,227,443,FALSE,216,5,-211
3090030,4,472,773,1245,FALSE,472,150,-322
3090030,8,520,638,1158,FALSE,520,58,-462
3090031,4,573,1007,1580,FALSE,573,216,-357
3090031,8,671,868,1539,FALSE,671,98,-573
3090032,4,196,546,742,FALSE,196,174,-22
3090032,8,191,467,658,FALSE,191,137,-54
3090033,4,407,845,1252,FALSE,407,218,-189
3090033,8,404,773,1177,FALSE,404,184,-220
3090034,4,345,826,1171,FALSE,345,240,-105
3090034,8,298,663,961,FALSE,298,182,-116
3090035,4,316,321,637,FALSE,316,2,-314
3090035,8,348,220,568,TRUE,63,220,157
3090036,4,216,532,748,FALSE,216,157,-59
3090036,8,218,506,724,FALSE,218,143,-75
3090037,4,312,357,669,FALSE,312,22,-290
3090037,8,300,286,586,TRUE,6,286,280
3090038,4,185,242,427,FALSE,185,28,-157
3090038,8,203,190,393,TRUE,6,190,184
3090039,4,257,160,417,TRUE,48,160,112
3090039,8,300,111,411,TRUE,94,111,17
3090040,4,403,1005,1408,FALSE,403,300,-103
3090040,8,470,849,1319,FALSE,470,189,-281
3090041,4,376,692,1068,FALSE,376,157,-219
3090041,8,414,572,986,FALSE,414,78,-336
3090042,4,279,351,630,FALSE,279,35,-244
3090042,8,358,243,601,TRUE,57,243,186
3090043,4,24,48,72,FALSE,24,11,-13
3090043,8,30,76,106,FALSE,30,22,-8
3090044,4,208,891,1099,FALSE,208,341,133
3090044,8,377,1200,1577,FALSE,377,411,34
3090045,4,158,173,331,FALSE,158,7,-151
3090045,8,181,134,315,TRUE,23,134,111
3090046,4,73,68,141,TRUE,2,68,66
3090046,8,88,52,140,TRUE,17,52,35
3090047,4,109,173,282,FALSE,109,31,-78
3090047,8,120,136,256,FALSE,120,7,-113
3090048,4,139,114,253,TRUE,12,114,102
3090048,8,152,74,226,TRUE,38,74,36
3090049,4,129,189,318,FALSE,129,29,-100
3090049,8,132,145,277,FALSE,132,6,-126
3090050,4,422,516,938,FALSE,422,46,-376
3090050,8,411,325,736,TRUE,42,325,283
3090051,4,652,1719,2371,FALSE,652,533,-119
3090051,8,789,1611,2400,FALSE,789,410,-379
3090052,4,213,543,756,FALSE,213,164,-49
3090052,8,213,486,699,FALSE,213,136,-77
3090053,4,187,259,446,FALSE,187,35,-152
3090053,8,184,162,346,TRUE,10,162,152
3090054,4,102,219,321,FALSE,102,58,-44
3090054,8,106,217,323,FALSE,106,55,-51
3090055,4,96,314,410,FALSE,96,108,12
3090055,8,73,286,359,FALSE,73,106,33
3090056,4,299,301,600,FALSE,299,0,-299
3090056,8,281,230,511,TRUE,25,230,205
3090057,4,64,100,164,FALSE,64,17,-47
3090057,8,69,129,198,FALSE,69,29,-40
3090058,4,716,1087,1803,FALSE,716,185,-531
3090058,8,767,894,1661,FALSE,767,63,-704
3090059,4,429,1210,1639,FALSE,429,390,-39
3090059,8,507,1188,1695,FALSE,507,340,-167
3090060,4,331,1117,1448,FALSE,331,392,61
3090060,8,531,1460,1991,FALSE,531,464,-67
3090061,4,525,1501,2026,FALSE,525,487,-38
3090061,8,662,1428,2090,FALSE,662,382,-280
3090062,4,699,1958,2657,FALSE,699,629,-70
3090062,8,881,2070,2951,FALSE,881,594,-287
3090063,4,352,1651,2003,FALSE,352,649,297
3090063,8,586,2216,2802,FALSE,586,814,228
3090064,4,237,463,700,FALSE,237,112,-125
3090064,8,212,437,649,FALSE,212,112,-100
3090065,4,166,437,603,FALSE,166,135,-31
3090065,8,167,437,604,FALSE,167,134,-33
3090066,4,216,634,850,FALSE,216,208,-8
3090066,8,189,597,786,FALSE,189,203,14
3090067,4,645,1216,1861,FALSE,645,285,-360
3090067,8,560,1164,1724,FALSE,560,301,-259
3090068,4,227,485,712,FALSE,227,128,-99
3090068,8,179,458,637,FALSE,179,139,-40
3090069,4,223,745,968,FALSE,223,260,37
3090069,8,219,718,937,FALSE,219,249,30
3090070,4,54,207,261,FALSE,54,76,22
3090070,8,47,197,244,FALSE,47,74,27
3090071,4,178,387,565,FALSE,178,104,-74
3090071,8,124,359,483,FALSE,124,117,-7
3090072,4,172,424,596,FALSE,172,125,-47
3090072,8,189,420,609,FALSE,189,115,-74
3090073,4,127,513,640,FALSE,127,192,65
3090073,8,161,478,639,FALSE,161,158,-3
3090074,4,172,822,994,FALSE,172,324,152
3090074,8,162,775,937,FALSE,162,306,144
3090075,4,343,1487,1830,FALSE,343,571,228
3090075,8,403,1569,1972,FALSE,403,582,179
3090076,4,341,1039,1380,FALSE,341,348,7
3090076,8,344,974,1318,FALSE,344,314,-30
3090077,4,228,733,961,FALSE,228,252,24
3090077,8,225,676,901,FALSE,225,225,0
3090078,4,369,750,1119,FALSE,369,190,-179
3090078,8,417,713,1130,FALSE,417,147,-270
3090079,4,312,675,987,FALSE,312,181,-131
3090079,8,316,543,859,FALSE,316,113,-203
3090080,4,179,1186,1365,FALSE,179,503,324
3090080,8,200,1145,1345,FALSE,200,472,272
3090081,4,409,1759,2168,FALSE,409,674,265
3090081,8,455,1907,2362,FALSE,455,725,270
3090082,4,367,1388,1755,FALSE,367,510,143
3090082,8,366,1354,1720,FALSE,366,493,127
3090083,4,114,441,555,FALSE,114,163,49
3090083,8,119,483,602,FALSE,119,181,62
3090084,4,325,1041,1366,FALSE,325,357,32
3090084,8,397,986,1383,FALSE,397,294,-103
3090085,4,156,131,287,TRUE,12,131,119
3090085,8,217,161,378,TRUE,27,161,134
3090086,4,627,444,1071,TRUE,91,444,353
3090086,8,665,373,1038,TRUE,145,373,228
3090087,4,383,495,878,FALSE,383,55,-328
3090087,8,436,372,808,TRUE,31,372,341
3090088,4,117,162,279,FALSE,117,22,-95
3090088,8,94,122,216,FALSE,94,13,-81
3090089,4,26,6,32,TRUE,9,6,-3
3090089,8,20,3,23,TRUE,8,3,-5
3090090,4,108,108,216,FALSE,108,-1,-109
3090090,8,140,118,258,TRUE,10,118,108
3090091,4,340,1259,1599,FALSE,340,459,119
3090091,8,304,1085,1389,FALSE,304,390,86
3090092,4,206,248,454,FALSE,206,20,-186
3090092,8,214,252,466,FALSE,214,18,-196
310102,4,217,777,994,FALSE,217,279,62
310102,8,265,760,1025,FALSE,265,247,-18
310201,4,310,726,1036,FALSE,310,207,-103
310201,8,374,795,1169,FALSE,374,210,-164
310202,4,49,184,233,FALSE,49,67,18
310202,8,36,156,192,FALSE,36,59,23
310302,4,219,461,680,FALSE,219,120,-99
310302,8,221,453,674,FALSE,221,115,-106
310303,4,61,149,210,FALSE,61,43,-18
310303,8,74,167,241,FALSE,74,46,-28
310304,4,54,105,159,FALSE,54,25,-29
310304,8,59,112,171,FALSE,59,26,-33
310401,4,48,162,210,FALSE,48,56,8
310401,8,89,233,322,FALSE,89,71,-18
310402,4,309,713,1022,FALSE,309,201,-108
310402,8,349,742,1091,FALSE,349,196,-153
3110001,4,19,98,117,FALSE,19,39,20
3110001,8,34,62,96,FALSE,34,13,-21
3110003,4,32,123,155,FALSE,32,45,13
3110003,8,36,125,161,FALSE,36,44,8
NA,4,11,54,65,FALSE,11,21,10
NA,8,15,46,61,FALSE,15,15,0
NA,4,12,61,73,FALSE,12,24,12
NA,8,19,62,81,FALSE,19,21,2
NA,4,2,65,67,FALSE,2,31,29
NA,8,3,52,55,FALSE,3,24,21
NA,4,19,66,85,FALSE,19,23,4
NA,8,25,53,78,FALSE,25,13,-12
3130101,4,124,399,523,FALSE,124,137,13
3130101,8,107,358,465,FALSE,107,125,18
3130102,4,105,245,350,FALSE,105,69,-36
3130102,8,125,268,393,FALSE,125,71,-54
3130203,4,147,313,460,FALSE,147,82,-65
3130203,8,146,310,456,FALSE,146,81,-65
3130204,4,166,354,520,FALSE,166,93,-73
3130204,8,134,395,529,FALSE,134,130,-4
3130305,4,250,278,528,FALSE,250,13,-237
3130305,8,265,232,497,TRUE,16,232,216
3130306,4,128,384,512,FALSE,128,127,-1
3130306,8,91,443,534,FALSE,91,175,84
3130407,4,154,299,453,FALSE,154,72,-82
3130407,8,142,302,444,FALSE,142,79,-63
3130408,4,159,556,715,FALSE,159,198,39
3130408,8,136,583,719,FALSE,136,223,87
3150001,4,164,168,332,FALSE,164,1,-163
3150001,8,162,184,346,FALSE,162,10,-152
3150002,4,290,434,724,FALSE,290,71,-219
3150002,8,221,481,702,FALSE,221,129,-92
3150003,4,118,237,355,FALSE,118,59,-59
3150003,8,84,247,331,FALSE,84,81,-3
3150004,4,108,176,284,FALSE,108,33,-75
3150004,8,114,204,318,FALSE,114,44,-70
3150005,4,190,301,491,FALSE,190,55,-135
3150005,8,122,336,458,FALSE,122,106,-16
3150006,4,299,359,658,FALSE,299,29,-270
3150006,8,262,305,567,FALSE,262,21,-241
3150007,4,279,189,468,TRUE,44,189,145
3150007,8,287,183,470,TRUE,51,183,132
3150008,4,161,243,404,FALSE,161,40,-121
3150008,8,169,359,528,FALSE,169,94,-75
3150009,4,135,184,319,FALSE,135,24,-111
3150009,8,110,179,289,FALSE,110,34,-76
3150010,4,140,150,290,FALSE,140,4,-136
3150010,8,113,89,202,TRUE,11,89,78
3170001,4,54,385,439,FALSE,54,165,111
3170001,8,67,346,413,FALSE,67,139,72
3170002,4,110,278,388,FALSE,110,83,-27
3170002,8,110,207,317,FALSE,110,48,-62
3170003,4,53,322,375,FALSE,53,134,81
3170003,8,63,349,412,FALSE,63,142,79
3170004,4,47,241,288,FALSE,47,96,49
3170004,8,52,235,287,FALSE,52,91,39
NA,4,14,145,159,FALSE,14,65,51
NA,8,10,132,142,FALSE,10,60,50
NA,4,10,141,151,FALSE,10,65,55
NA,8,12,120,132,FALSE,12,53,41
3190101,4,114,380,494,FALSE,114,132,18
3190101,8,133,382,515,FALSE,133,124,-9
3190210,4,117,282,399,FALSE,117,82,-35
3190210,8,148,255,403,FALSE,148,53,-95
3190302,4,133,480,613,FALSE,133,173,40
3190302,8,148,475,623,FALSE,148,163,15
3190405,4,95,458,553,FALSE,95,181,86
3190405,8,117,431,548,FALSE,117,156,39
3210002,4,158,336,494,FALSE,158,88,-70
3210002,8,133,311,444,FALSE,133,88,-45
3210004,4,151,528,679,FALSE,151,188,37
3210004,8,161,487,648,FALSE,161,162,1
3210005,4,369,669,1038,FALSE,369,149,-220
3210005,8,418,751,1169,FALSE,418,166,-252
3210006,4,307,406,713,FALSE,307,49,-258
3210006,8,294,447,741,FALSE,294,76,-218
3210007,4,9,98,107,FALSE,9,44,35
3210007,8,13,96,109,FALSE,13,41,28
3210008,4,141,352,493,FALSE,141,105,-36
3210008,8,153,378,531,FALSE,153,112,-41
3210009,4,87,59,146,TRUE,13,59,46
3210009,8,76,65,141,TRUE,5,65,60
3210010,4,54,196,250,FALSE,54,70,16
3210010,8,47,185,232,FALSE,47,68,21
3210012,4,37,103,140,FALSE,37,32,-5
3210012,8,30,102,132,FALSE,30,35,5
3210013,4,164,145,309,TRUE,9,145,136
3210013,8,167,157,324,TRUE,4,157,153
NA,4,380,1274,1654,FALSE,380,446,66
NA,8,330,1229,1559,FALSE,330,449,119
NA,4,600,1493,2093,FALSE,600,446,-154
NA,8,597,1335,1932,FALSE,597,368,-229
NA,4,496,132,628,TRUE,181,132,-49
NA,8,518,144,662,TRUE,186,144,-42
NA,4,392,414,806,FALSE,392,10,-382
NA,8,349,415,764,FALSE,349,32,-317
321001,4,298,477,775,FALSE,298,89,-209
321001,8,391,481,872,FALSE,391,44,-347
NA,4,181,279,460,FALSE,181,48,-133
NA,8,165,248,413,FALSE,165,41,-124
NA,4,401,811,1212,FALSE,401,204,-197
NA,8,466,633,1099,FALSE,466,83,-383
NA,4,130,347,477,FALSE,130,108,-22
NA,8,132,371,503,FALSE,132,119,-13
NA,4,511,350,861,TRUE,80,350,270
NA,8,753,175,928,TRUE,288,175,-113
NA,4,311,252,563,TRUE,29,252,223
NA,8,356,173,529,TRUE,91,173,82
NA,4,680,418,1098,TRUE,130,418,288
NA,8,1032,218,1250,TRUE,406,218,-188
NA,4,195,110,305,TRUE,42,110,68
NA,8,281,57,338,TRUE,111,57,-54
NA,4,1,0,1,TRUE,0,0,0
NA,8,1,0,1,TRUE,0,0,0
NA,4,152,92,244,TRUE,29,92,63
NA,8,187,37,224,TRUE,74,37,-37
NA,4,624,364,988,TRUE,129,364,235
NA,8,747,145,892,TRUE,300,145,-155
NA,4,444,233,677,TRUE,105,233,128
NA,8,658,125,783,TRUE,266,125,-141
NA,4,18,37,55,FALSE,18,9,-9
NA,8,43,31,74,TRUE,5,31,26
NA,4,827,564,1391,TRUE,131,564,433
NA,8,1171,369,1540,TRUE,400,369,-31
NA,4,730,457,1187,TRUE,136,457,321
NA,8,1155,269,1424,TRUE,442,269,-173
NA,4,127,170,297,FALSE,127,21,-106
NA,8,163,125,288,TRUE,18,125,107
NA,4,119,92,211,TRUE,13,92,79
NA,8,124,38,162,TRUE,42,38,-4
NA,4,455,387,842,TRUE,33,387,354
NA,8,805,326,1131,TRUE,239,326,87
NA,4,325,232,557,TRUE,46,232,186
NA,8,464,125,589,TRUE,169,125,-44
NA,4,429,267,696,TRUE,80,267,187
NA,8,614,103,717,TRUE,255,103,-152
3250001,4,204,442,646,FALSE,204,118,-86
3250001,8,206,400,606,FALSE,206,96,-110
3250002,4,93,519,612,FALSE,93,212,119
3250002,8,92,561,653,FALSE,92,234,142
3250003,4,370,881,1251,FALSE,370,255,-115
3250003,8,437,870,1307,FALSE,437,216,-221
3250004,4,61,184,245,FALSE,61,61,0
3250004,8,60,182,242,FALSE,60,60,0
3250005,4,23,88,111,FALSE,23,32,9
3250005,8,22,105,127,FALSE,22,41,19
3250006,4,159,577,736,FALSE,159,208,49
3250006,8,255,613,868,FALSE,255,178,-77
3250007,4,90,563,653,FALSE,90,236,146
3250007,8,118,573,691,FALSE,118,227,109
3250008,4,169,464,633,FALSE,169,147,-22
3250008,8,271,621,892,FALSE,271,174,-97
3250009,4,38,108,146,FALSE,38,34,-4
3250009,8,58,149,207,FALSE,58,45,-13
3250010,4,127,576,703,FALSE,127,224,97
3250010,8,194,635,829,FALSE,194,220,26
3250011,4,335,1197,1532,FALSE,335,430,95
3250011,8,427,1232,1659,FALSE,427,402,-25
3250012,4,263,881,1144,FALSE,263,308,45
3250012,8,302,826,1128,FALSE,302,261,-41
NA,4,183,472,655,FALSE,183,144,-39
NA,8,177,480,657,FALSE,177,151,-26
NA,4,0,1,1,FALSE,0,0,0
NA,8,1,2,3,FALSE,1,0,-1
3250014,4,194,496,690,FALSE,194,150,-44
3250014,8,244,483,727,FALSE,244,119,-125
3250015,4,236,477,713,FALSE,236,120,-116
3250015,8,265,451,716,FALSE,265,92,-173
3250016,4,254,322,576,FALSE,254,33,-221
3250016,8,343,297,640,TRUE,22,297,275
3250017,4,209,463,672,FALSE,209,126,-83
3250017,8,220,442,662,FALSE,220,110,-110
3250018,4,138,370,508,FALSE,138,115,-23
3250018,8,132,388,520,FALSE,132,127,-5
3250019,4,136,302,438,FALSE,136,82,-54
3250019,8,182,248,430,FALSE,182,32,-150
3250020,4,712,246,958,TRUE,232,246,14
3250020,8,683,139,822,TRUE,271,139,-132
3250021,4,30,212,242,FALSE,30,90,60
3250021,8,69,243,312,FALSE,69,86,17
3250022,4,209,400,609,FALSE,209,95,-114
3250022,8,258,410,668,FALSE,258,75,-183
3250023,4,83,144,227,FALSE,83,30,-53
3250023,8,128,120,248,TRUE,3,120,117
3270001,4,85,129,214,FALSE,85,21,-64
3270001,8,81,122,203,FALSE,81,20,-61
3270002,4,88,179,267,FALSE,88,45,-43
3270002,8,59,152,211,FALSE,59,46,-13
3270003,4,81,192,273,FALSE,81,55,-26
3270003,8,78,181,259,FALSE,78,51,-27
3270004,4,56,175,231,FALSE,56,59,3
3270004,8,59,156,215,FALSE,59,48,-11
3270005,4,11,30,41,FALSE,11,9,-2
3270005,8,6,43,49,FALSE,6,18,12
3270006,4,16,56,72,FALSE,16,19,3
3270006,8,12,58,70,FALSE,12,22,10
NA,4,69,413,482,FALSE,69,171,102
NA,8,92,484,576,FALSE,92,195,103
NA,4,50,269,319,FALSE,50,109,59
NA,8,62,313,375,FALSE,62,125,63
3290102,4,185,892,1077,FALSE,185,353,168
3290102,8,235,810,1045,FALSE,235,287,52
3290103,4,309,1567,1876,FALSE,309,628,319
3290103,8,334,1452,1786,FALSE,334,558,224
3290104,4,133,302,435,FALSE,133,84,-49
3290104,8,142,274,416,FALSE,142,65,-77
3290105,4,212,712,924,FALSE,212,249,37
3290105,8,237,613,850,FALSE,237,187,-50
3290106,4,367,1469,1836,FALSE,367,550,183
3290106,8,469,1408,1877,FALSE,469,469,0
3290107,4,279,1622,1901,FALSE,279,671,392
3290107,8,351,1636,1987,FALSE,351,642,291
3290109,4,107,317,424,FALSE,107,104,-3
3290109,8,124,258,382,FALSE,124,66,-58
3290110,4,90,1027,1117,FALSE,90,468,378
3290110,8,124,1375,1499,FALSE,124,625,501
3290201,4,206,1128,1334,FALSE,206,460,254
3290201,8,197,1169,1366,FALSE,197,485,288
3290202,4,179,2035,2214,FALSE,179,927,748
3290202,8,250,2242,2492,FALSE,250,995,745
3290203,4,44,286,330,FALSE,44,120,76
3290203,8,47,306,353,FALSE,47,129,82
3290204,4,218,1592,1810,FALSE,218,686,468
3290204,8,270,1650,1920,FALSE,270,689,419
3290205,4,106,668,774,FALSE,106,280,174
3290205,8,116,655,771,FALSE,116,269,153
3290206,4,160,1329,1489,FALSE,160,584,424
3290206,8,162,1258,1420,FALSE,162,547,385
3290207,4,285,1801,2086,FALSE,285,757,472
3290207,8,376,1666,2042,FALSE,376,644,268
3290208,4,134,396,530,FALSE,134,130,-4
3290208,8,155,382,537,FALSE,155,113,-42
3290210,4,156,928,1084,FALSE,156,385,229
3290210,8,192,838,1030,FALSE,192,322,130
3290211,4,37,330,367,FALSE,37,146,109
3290211,8,54,391,445,FALSE,54,168,114
3290212,4,216,862,1078,FALSE,216,322,106
3290212,8,266,779,1045,FALSE,266,256,-10
3290302,4,284,1135,1419,FALSE,284,425,141
3290302,8,293,1087,1380,FALSE,293,396,103
3290303,4,31,115,146,FALSE,31,41,10
3290303,8,39,94,133,FALSE,39,27,-12
3290304,4,258,270,528,FALSE,258,5,-253
3290304,8,289,214,503,TRUE,37,214,177
3290305,4,311,79,390,TRUE,115,79,-36
3290305,8,337,64,401,TRUE,136,64,-72
3290306,4,633,367,1000,TRUE,132,367,235
3290306,8,720,298,1018,TRUE,210,298,88
3290307,4,173,700,873,FALSE,173,263,90
3290307,8,194,646,840,FALSE,194,225,31
3290308,4,957,592,1549,TRUE,182,592,410
3290308,8,1124,459,1583,TRUE,332,459,127
3290309,4,46,161,207,FALSE,46,57,11
3290309,8,68,120,188,FALSE,68,25,-43
3290310,4,39,114,153,FALSE,39,37,-2
3290310,8,62,89,151,FALSE,62,13,-49
3290401,4,52,491,543,FALSE,52,219,167
3290401,8,57,376,433,FALSE,57,159,102
3290402,4,123,743,866,FALSE,123,309,186
3290402,8,138,694,832,FALSE,138,277,139
3290403,4,298,2348,2646,FALSE,298,1024,726
3290403,8,362,2215,2577,FALSE,362,926,564
3290404,4,246,1896,2142,FALSE,246,824,578
3290404,8,325,1726,2051,FALSE,325,700,375
3290405,4,263,1773,2036,FALSE,263,754,491
3290405,8,327,1664,1991,FALSE,327,668,341
3290406,4,81,582,663,FALSE,81,250,169
3290406,8,103,638,741,FALSE,103,267,164
3290407,4,288,1631,1919,FALSE,288,671,383
3290407,8,429,1546,1975,FALSE,429,558,129
3290408,4,165,1291,1456,FALSE,165,562,397
3290408,8,198,1409,1607,FALSE,198,605,407
3290409,4,207,2252,2459,FALSE,207,1022,815
3290409,8,342,2569,2911,FALSE,342,1113,771
3290410,4,8,100,108,FALSE,8,45,37
3290410,8,29,288,317,FALSE,29,129,100
330001,4,21,59,80,FALSE,21,18,-3
330001,8,11,62,73,FALSE,11,25,14
NA,4,5,64,69,FALSE,5,29,24
NA,8,10,75,85,FALSE,10,32,22
NA,4,3,16,19,FALSE,3,6,3
NA,8,2,29,31,FALSE,2,13,11
NA,4,5,21,26,FALSE,5,7,2
NA,8,3,19,22,FALSE,3,7,4
NA,4,6,39,45,FALSE,6,16,10
NA,8,3,41,44,FALSE,3,18,15
NA,4,11,66,77,FALSE,11,27,16
NA,8,10,50,60,FALSE,10,19,9
NA,4,4,38,42,FALSE,4,16,12
NA,8,1,40,41,FALSE,1,19,18
3310101,4,505,1079,1584,FALSE,505,286,-219
3310101,8,458,984,1442,FALSE,458,262,-196
3310103,4,86,168,254,FALSE,86,40,-46
3310103,8,66,195,261,FALSE,66,64,-2
3310105,4,215,409,624,FALSE,215,96,-119
3310105,8,177,411,588,FALSE,177,116,-61
3310207,4,96,90,186,TRUE,2,90,88
3310207,8,126,136,262,FALSE,126,4,-122
3310210,4,124,207,331,FALSE,124,41,-83
3310210,8,86,223,309,FALSE,86,68,-18
3310212,4,537,571,1108,FALSE,537,16,-521
3310212,8,495,583,1078,FALSE,495,43,-452
3310316,4,97,261,358,FALSE,97,81,-16
3310316,8,106,241,347,FALSE,106,67,-39
3310317,4,203,410,613,FALSE,203,103,-100
3310317,8,144,455,599,FALSE,144,155,11
3310318,4,674,862,1536,FALSE,674,93,-581
3310318,8,559,740,1299,FALSE,559,90,-469
3310419,4,512,617,1129,FALSE,512,52,-460
3310419,8,470,654,1124,FALSE,470,91,-379
3310420,4,396,617,1013,FALSE,396,110,-286
3310420,8,357,595,952,FALSE,357,118,-239
3330001,4,128,476,604,FALSE,128,173,45
3330001,8,110,473,583,FALSE,110,181,71
3330002,4,40,213,253,FALSE,40,86,46
3330002,8,36,189,225,FALSE,36,76,40
3330003,4,11,33,44,FALSE,11,10,-1
3330003,8,17,26,43,FALSE,17,4,-13
3330004,4,25,86,111,FALSE,25,30,5
3330004,8,21,93,114,FALSE,21,35,14
3330005,4,15,66,81,FALSE,15,25,10
3330005,8,15,68,83,FALSE,15,26,11
3330006,4,8,144,152,FALSE,8,67,59
3330006,8,22,163,185,FALSE,22,70,48
3330007,4,5,36,41,FALSE,5,15,10
3330007,8,7,30,37,FALSE,7,11,4
3330008,4,70,246,316,FALSE,70,87,17
3330008,8,61,256,317,FALSE,61,97,36
3330009,4,95,395,490,FALSE,95,149,54
3330009,8,97,361,458,FALSE,97,131,34
3330011,4,18,99,117,FALSE,18,40,22
3330011,8,12,94,106,FALSE,12,40,28
3350001,4,151,548,699,FALSE,151,198,47
3350001,8,141,480,621,FALSE,141,169,28
3350002,4,37,136,173,FALSE,37,49,12
3350002,8,18,153,171,FALSE,18,67,49
3350003,4,169,521,690,FALSE,169,175,6
3350003,8,184,508,692,FALSE,184,161,-23
3350004,4,125,263,388,FALSE,125,68,-57
3350004,8,96,250,346,FALSE,96,76,-20
3350025,4,86,202,288,FALSE,86,57,-29
3350025,8,89,207,296,FALSE,89,58,-31
3350046,4,71,242,313,FALSE,71,85,14
3350046,8,58,217,275,FALSE,58,79,21
3370002,4,273,938,1211,FALSE,273,332,59
3370002,8,250,1148,1398,FALSE,250,448,198
3370003,4,181,639,820,FALSE,181,228,47
3370003,8,145,622,767,FALSE,145,238,93
3370004,4,69,309,378,FALSE,69,119,50
3370004,8,71,278,349,FALSE,71,103,32
3370005,4,158,400,558,FALSE,158,120,-38
3370005,8,105,446,551,FALSE,105,170,65
3370006,4,148,469,617,FALSE,148,160,12
3370006,8,104,506,610,FALSE,104,200,96
3370007,4,161,437,598,FALSE,161,137,-24
3370007,8,140,453,593,FALSE,140,156,16
3370008,4,105,291,396,FALSE,105,92,-13
3370008,8,87,351,438,FALSE,87,131,44
3370009,4,166,556,722,FALSE,166,194,28
3370009,8,162,538,700,FALSE,162,187,25
3370010,4,178,453,631,FALSE,178,137,-41
3370010,8,147,417,564,FALSE,147,134,-13
3370011,4,193,507,700,FALSE,193,156,-37
3370011,8,154,487,641,FALSE,154,166,12
3370012,4,40,50,90,FALSE,40,4,-36
3370012,8,28,67,95,FALSE,28,19,-9
3370013,4,118,525,643,FALSE,118,203,85
3370013,8,103,534,637,FALSE,103,215,112
3370014,4,37,116,153,FALSE,37,39,2
3370014,8,21,113,134,FALSE,21,45,24
3370015,4,97,183,280,FALSE,97,42,-55
3370015,8,66,216,282,FALSE,66,74,8
3370016,4,22,37,59,FALSE,22,7,-15
3370016,8,11,59,70,FALSE,11,23,12
3390001,4,265,459,724,FALSE,265,96,-169
3390001,8,360,468,828,FALSE,360,53,-307
3390002,4,192,663,855,FALSE,192,235,43
3390002,8,181,671,852,FALSE,181,244,63
3390003,4,84,289,373,FALSE,84,102,18
3390003,8,832,2653,3485,FALSE,832,910,78
3390004,4,380,955,1335,FALSE,380,287,-93
3390004,8,457,814,1271,FALSE,457,178,-279
3390005,4,43,119,162,FALSE,43,37,-6
3390005,8,30,149,179,FALSE,30,59,29
3390006,4,416,1687,2103,FALSE,416,635,219
3390006,8,469,1738,2207,FALSE,469,634,165
3390007,4,211,599,810,FALSE,211,193,-18
3390007,8,198,676,874,FALSE,198,238,40
3390008,4,210,836,1046,FALSE,210,312,102
3390008,8,232,1099,1331,FALSE,232,433,201
3390009,4,204,511,715,FALSE,204,153,-51
3390009,8,228,636,864,FALSE,228,203,-25
3390010,4,577,370,947,TRUE,103,370,267
3390010,8,754,295,1049,TRUE,229,295,66
3390011,4,534,1747,2281,FALSE,534,606,72
3390011,8,577,2055,2632,FALSE,577,738,161
3390012,4,161,478,639,FALSE,161,158,-3
3390012,8,194,507,701,FALSE,194,156,-38
3390013,4,237,1516,1753,FALSE,237,639,402
3390013,8,273,1582,1855,FALSE,273,654,381
3390014,4,338,1106,1444,FALSE,338,383,45
3390014,8,378,1273,1651,FALSE,378,447,69
3390015,4,389,2131,2520,FALSE,389,870,481
3390015,8,446,2163,2609,FALSE,446,858,412
3390016,4,416,1177,1593,FALSE,416,380,-36
3390016,8,307,1312,1619,FALSE,307,502,195
3390017,4,280,1093,1373,FALSE,280,406,126
3390017,8,297,1121,1418,FALSE,297,411,114
3390018,4,346,1195,1541,FALSE,346,424,78
3390018,8,365,1157,1522,FALSE,365,395,30
3390019,4,329,987,1316,FALSE,329,328,-1
3390019,8,390,1123,1513,FALSE,390,366,-24
3390020,4,358,890,1248,FALSE,358,265,-93
3390020,8,384,733,1117,FALSE,384,174,-210
3390021,4,315,797,1112,FALSE,315,240,-75
3390021,8,346,750,1096,FALSE,346,201,-145
3390022,4,384,1630,2014,FALSE,384,622,238
3390022,8,470,1885,2355,FALSE,470,707,237
3390023,4,466,788,1254,FALSE,466,160,-306
3390023,8,535,904,1439,FALSE,535,184,-351
3390024,4,195,484,679,FALSE,195,144,-51
3390024,8,219,430,649,FALSE,219,105,-114
3390025,4,229,748,977,FALSE,229,259,30
3390025,8,251,920,1171,FALSE,251,334,83
3390026,4,273,774,1047,FALSE,273,250,-23
3390026,8,235,754,989,FALSE,235,259,24
3390027,4,295,1285,1580,FALSE,295,494,199
3390027,8,429,1341,1770,FALSE,429,455,26
3390028,4,224,1302,1526,FALSE,224,538,314
3390028,8,258,1300,1558,FALSE,258,520,262
3390029,4,363,2186,2549,FALSE,363,911,548
3390029,8,557,2907,3464,FALSE,557,1174,617
3390030,4,348,1937,2285,FALSE,348,794,446
3390030,8,541,2419,2960,FALSE,541,938,397
3390031,4,421,1662,2083,FALSE,421,620,199
3390031,8,578,1855,2433,FALSE,578,638,60
3390032,4,455,1196,1651,FALSE,455,370,-85
3390032,8,560,1112,1672,FALSE,560,275,-285
3390033,4,204,804,1008,FALSE,204,299,95
3390033,8,305,922,1227,FALSE,305,308,3
3390034,4,261,1122,1383,FALSE,261,430,169
3390034,8,273,1202,1475,FALSE,273,464,191
3390035,4,362,1400,1762,FALSE,362,518,156
3390035,8,423,1291,1714,FALSE,423,433,10
3390036,4,345,990,1335,FALSE,345,322,-23
3390036,8,335,1091,1426,FALSE,335,377,42
3390037,4,525,1404,1929,FALSE,525,439,-86
3390037,8,653,1756,2409,FALSE,653,551,-102
3390038,4,165,998,1163,FALSE,165,416,251
3390038,8,213,1116,1329,FALSE,213,451,238
3390039,4,335,1462,1797,FALSE,335,563,228
3390039,8,415,2097,2512,FALSE,415,840,425
3390040,4,321,1761,2082,FALSE,321,719,398
3390040,8,436,2087,2523,FALSE,436,825,389
3390041,4,375,1215,1590,FALSE,375,419,44
3390041,8,318,1425,1743,FALSE,318,553,235
3390042,4,139,426,565,FALSE,139,143,4
3390042,8,100,455,555,FALSE,100,177,77
3390043,4,257,1220,1477,FALSE,257,481,224
3390043,8,361,1459,1820,FALSE,361,548,187
3390044,4,261,803,1064,FALSE,261,270,9
3390044,8,283,723,1006,FALSE,283,219,-64
3390045,4,323,1445,1768,FALSE,323,560,237
3390045,8,380,1317,1697,FALSE,380,468,88
3390046,4,0,2,2,FALSE,0,0,0
3390046,8,679,1579,2258,FALSE,679,449,-230
3390047,4,330,1232,1562,FALSE,330,450,120
3390047,8,1054,2001,3055,FALSE,1054,473,-581
3390048,4,417,1462,1879,FALSE,417,522,105
3390048,8,516,1347,1863,FALSE,516,415,-101
3390049,4,438,1355,1793,FALSE,438,458,20
3390049,8,453,1240,1693,FALSE,453,393,-60
3390050,4,328,1506,1834,FALSE,328,588,260
3390050,8,331,1665,1996,FALSE,331,666,335
3390051,4,409,892,1301,FALSE,409,241,-168
3390051,8,466,854,1320,FALSE,466,193,-273
3390052,4,406,1156,1562,FALSE,406,374,-32
3390052,8,347,1170,1517,FALSE,347,411,64
3390053,4,334,1287,1621,FALSE,334,476,142
3390053,8,305,1364,1669,FALSE,305,529,224
3390054,4,212,518,730,FALSE,212,152,-60
3390054,8,181,514,695,FALSE,181,166,-15
3390055,4,236,819,1055,FALSE,236,291,55
3390055,8,205,816,1021,FALSE,205,305,100
3390056,4,467,1742,2209,FALSE,467,637,170
3390056,8,706,2063,2769,FALSE,706,678,-28
3390057,4,300,1079,1379,FALSE,300,389,89
3390057,8,274,1146,1420,FALSE,274,435,161
3390058,4,384,1574,1958,FALSE,384,594,210
3390058,8,459,1490,1949,FALSE,459,515,56
3390059,4,201,979,1180,FALSE,201,388,187
3390059,8,266,943,1209,FALSE,266,338,72
3390060,4,138,410,548,FALSE,138,135,-3
3390060,8,176,388,564,FALSE,176,105,-71
3390061,4,582,1803,2385,FALSE,582,610,28
3390061,8,647,1735,2382,FALSE,647,543,-104
3390062,4,403,1494,1897,FALSE,403,545,142
3390062,8,547,1415,1962,FALSE,547,433,-114
3390063,4,365,2357,2722,FALSE,365,995,630
3390063,8,625,3153,3778,FALSE,625,1263,638
3390064,4,265,784,1049,FALSE,265,259,-6
3390064,8,220,772,992,FALSE,220,275,55
3390065,4,357,1618,1975,FALSE,357,630,273
3390065,8,434,1984,2418,FALSE,434,774,340
3390066,4,292,1429,1721,FALSE,292,568,276
3390066,8,317,1582,1899,FALSE,317,632,315
3390067,4,548,1426,1974,FALSE,548,438,-110
3390067,8,591,1325,1916,FALSE,591,366,-225
3390068,4,556,2094,2650,FALSE,556,768,212
3390068,8,537,2097,2634,FALSE,537,779,242
3390069,4,525,1762,2287,FALSE,525,618,93
3390069,8,632,1740,2372,FALSE,632,553,-79
3390070,4,466,1651,2117,FALSE,466,592,126
3390070,8,534,1629,2163,FALSE,534,547,13
3390071,4,562,2232,2794,FALSE,562,834,272
3390071,8,773,2210,2983,FALSE,773,718,-55
3390072,4,212,1502,1714,FALSE,212,644,432
3390072,8,297,2013,2310,FALSE,297,857,560
3390073,4,196,682,878,FALSE,196,242,46
3390073,8,277,797,1074,FALSE,277,259,-18
3390074,4,409,2094,2503,FALSE,409,842,433
3390074,8,508,2825,3333,FALSE,508,1158,650
3390075,4,515,1808,2323,FALSE,515,646,131
3390075,8,1048,2832,3880,FALSE,1048,891,-157
3390076,4,249,1476,1725,FALSE,249,613,364
3390076,8,364,1822,2186,FALSE,364,728,364
3390077,4,431,2194,2625,FALSE,431,881,450
3390077,8,480,2362,2842,FALSE,480,940,460
3390078,4,722,2934,3656,FALSE,722,1105,383
3390078,8,1009,3044,4053,FALSE,1009,1017,8
3390079,4,357,1135,1492,FALSE,357,388,31
3390079,8,417,1083,1500,FALSE,417,332,-85
3390080,4,330,1289,1619,FALSE,330,479,149
3390080,8,719,2070,2789,FALSE,719,675,-44
3390081,4,456,1553,2009,FALSE,456,548,92
3390081,8,581,1600,2181,FALSE,581,509,-72
3390082,4,392,1319,1711,FALSE,392,463,71
3390082,8,656,2142,2798,FALSE,656,742,86
3390083,4,147,428,575,FALSE,147,140,-7
3390083,8,117,464,581,FALSE,117,173,56
3390084,4,578,1722,2300,FALSE,578,571,-7
3390084,8,776,1528,2304,FALSE,776,375,-401
3390085,4,302,1208,1510,FALSE,302,452,150
3390085,8,353,1337,1690,FALSE,353,491,138
3410101,4,252,1028,1280,FALSE,252,387,135
3410101,8,244,926,1170,FALSE,244,340,96
3410201,4,153,959,1112,FALSE,153,402,249
3410201,8,197,970,1167,FALSE,197,386,189
3410202,4,176,1266,1442,FALSE,176,544,368
3410202,8,179,1175,1354,FALSE,179,497,318
3410203,4,6,32,38,FALSE,6,12,6
3410203,8,8,32,40,FALSE,8,11,3
3410301,4,214,672,886,FALSE,214,228,14
3410301,8,230,580,810,FALSE,230,174,-56
3410401,4,111,561,672,FALSE,111,224,113
3410401,8,116,543,659,FALSE,116,213,97
3410402,4,97,83,180,TRUE,6,83,77
3410402,8,149,56,205,TRUE,46,56,10
3430101,4,317,93,410,TRUE,111,93,-18
3430101,8,326,77,403,TRUE,124,77,-47
3430102,4,262,64,326,TRUE,98,64,-34
3430102,8,261,74,335,TRUE,93,74,-19
3430103,4,221,146,367,TRUE,37,146,109
3430103,8,204,203,407,TRUE,0,203,203
3430202,4,301,376,677,FALSE,301,37,-264
3430202,8,186,492,678,FALSE,186,152,-34
3430203,4,237,396,633,FALSE,237,79,-158
3430203,8,207,385,592,FALSE,207,88,-119
3430302,4,324,435,759,FALSE,324,55,-269
3430302,8,277,448,725,FALSE,277,85,-192
3430303,4,271,412,683,FALSE,271,70,-201
3430303,8,188,509,697,FALSE,188,160,-28
3430401,4,449,793,1242,FALSE,449,171,-278
3430401,8,367,846,1213,FALSE,367,239,-128
3430402,4,55,103,158,FALSE,55,23,-32
3430402,8,39,124,163,FALSE,39,42,3
3450001,4,27,162,189,FALSE,27,67,40
3450001,8,13,181,194,FALSE,13,83,70
3450002,4,12,63,75,FALSE,12,25,13
3450002,8,6,58,64,FALSE,6,25,19
3450003,4,3,20,23,FALSE,3,8,5
3450003,8,0,17,17,FALSE,0,8,8
3450004,4,35,176,211,FALSE,35,70,35
3450004,8,27,130,157,FALSE,27,51,24
3450005,4,11,57,68,FALSE,11,22,11
3450005,8,5,57,62,FALSE,5,25,20
3450006,4,25,86,111,FALSE,25,30,5
3450006,8,16,79,95,FALSE,16,31,15
3470011,4,298,824,1122,FALSE,298,262,-36
3470011,8,265,911,1176,FALSE,265,322,57
3470013,4,132,515,647,FALSE,132,191,59
3470013,8,160,589,749,FALSE,160,214,54
3470014,4,69,294,363,FALSE,69,112,43
3470014,8,49,292,341,FALSE,49,121,72
3470015,4,192,560,752,FALSE,192,183,-9
3470015,8,170,619,789,FALSE,170,224,54
3470016,4,395,1459,1854,FALSE,395,531,136
3470016,8,415,1621,2036,FALSE,415,602,187
3470017,4,201,343,544,FALSE,201,70,-131
3470017,8,239,338,577,FALSE,239,49,-190
3470018,4,248,552,800,FALSE,248,151,-97
3470018,8,240,600,840,FALSE,240,179,-61
3470021,4,286,886,1172,FALSE,286,299,13
3470021,8,298,947,1245,FALSE,298,324,26
3470022,4,233,114,347,TRUE,59,114,55
3470022,8,299,109,408,TRUE,94,109,15
3470023,4,281,143,424,TRUE,68,143,75
3470023,8,327,119,446,TRUE,103,119,16
3470024,4,203,217,420,FALSE,203,6,-197
3470024,8,192,177,369,TRUE,7,177,170
3470025,4,23,38,61,FALSE,23,7,-16
3470025,8,28,30,58,FALSE,28,0,-28
3470026,4,261,408,669,FALSE,261,73,-188
3470026,8,343,371,714,FALSE,343,13,-330
3470027,4,780,88,868,TRUE,345,88,-257
3470027,8,802,60,862,TRUE,370,60,-310
3470028,4,20,2,22,TRUE,8,2,-6
3470028,8,15,0,15,TRUE,7,0,-7
3470030,4,102,141,243,FALSE,102,19,-83
3470030,8,142,121,263,TRUE,10,121,111
3470031,4,202,275,477,FALSE,202,36,-166
3470031,8,378,325,703,TRUE,26,325,299
3470032,4,706,961,1667,FALSE,706,127,-579
3470032,8,1180,1009,2189,TRUE,85,1009,924
NA,4,288,1099,1387,FALSE,288,405,117
NA,8,384,970,1354,FALSE,384,292,-92
NA,4,151,216,367,FALSE,151,32,-119
NA,8,118,296,414,FALSE,118,88,-30
3470034,4,541,1266,1807,FALSE,541,362,-179
3470034,8,777,1259,2036,FALSE,777,240,-537
3470041,4,235,553,788,FALSE,235,158,-77
3470041,8,255,507,762,FALSE,255,125,-130
3470042,4,326,660,986,FALSE,326,166,-160
3470042,8,371,689,1060,FALSE,371,158,-213
3470043,4,314,775,1089,FALSE,314,230,-84
3470043,8,361,820,1181,FALSE,361,229,-132
3470044,4,81,352,433,FALSE,81,135,54
3470044,8,94,399,493,FALSE,94,152,58
3470046,4,132,337,469,FALSE,132,102,-30
3470046,8,150,438,588,FALSE,150,143,-7
3470047,4,201,337,538,FALSE,201,67,-134
3470047,8,113,473,586,FALSE,113,179,66
3470048,4,148,401,549,FALSE,148,126,-22
3470048,8,121,394,515,FALSE,121,136,15
3470049,4,103,344,447,FALSE,103,120,17
3470049,8,107,345,452,FALSE,107,118,11
3490101,4,237,367,604,FALSE,237,64,-173
3490101,8,246,344,590,FALSE,246,48,-198
3490103,4,386,927,1313,FALSE,386,270,-116
3490103,8,386,908,1294,FALSE,386,260,-126
3490104,4,147,370,517,FALSE,147,111,-36
3490104,8,139,332,471,FALSE,139,96,-43
3490105,4,55,156,211,FALSE,55,50,-5
3490105,8,44,149,193,FALSE,44,52,8
3490106,4,76,217,293,FALSE,76,70,-6
3490106,8,94,203,297,FALSE,94,54,-40
3490107,4,142,399,541,FALSE,142,128,-14
3490107,8,180,397,577,FALSE,180,108,-72
3490108,4,56,204,260,FALSE,56,73,17
3490108,8,53,191,244,FALSE,53,68,15
3490109,4,73,166,239,FALSE,73,46,-27
3490109,8,76,188,264,FALSE,76,55,-21
3490200,4,292,18,310,TRUE,136,18,-118
3490200,8,307,7,314,TRUE,149,7,-142
3490201,4,370,11,381,TRUE,179,11,-168
3490201,8,412,2,414,TRUE,204,2,-202
3490202,4,202,84,286,TRUE,58,84,26
3490202,8,231,76,307,TRUE,77,76,-1
3490203,4,414,625,1039,FALSE,414,105,-309
3490203,8,442,607,1049,FALSE,442,82,-360
3490204,4,82,86,168,FALSE,82,1,-81
3490204,8,68,113,181,FALSE,68,22,-46
3490205,4,76,361,437,FALSE,76,142,66
3490205,8,112,472,584,FALSE,112,179,67
3490206,4,67,274,341,FALSE,67,103,36
3490206,8,79,274,353,FALSE,79,97,18
3490207,4,37,114,151,FALSE,37,38,1
3490207,8,54,141,195,FALSE,54,43,-11
3490208,4,120,19,139,TRUE,50,19,-31
3490208,8,123,12,135,TRUE,55,12,-43
3490209,4,112,188,300,FALSE,112,37,-75
3490209,8,105,152,257,FALSE,105,23,-82
3490300,4,284,355,639,FALSE,284,35,-249
3490300,8,343,327,670,TRUE,7,327,320
3490301,4,209,469,678,FALSE,209,129,-80
3490301,8,216,429,645,FALSE,216,106,-110
3490303,4,198,481,679,FALSE,198,141,-57
3490303,8,177,460,637,FALSE,177,141,-36
3490304,4,61,224,285,FALSE,61,81,20
3490304,8,62,309,371,FALSE,62,123,61
3490305,4,75,192,267,FALSE,75,58,-17
3490305,8,77,180,257,FALSE,77,51,-26
3490306,4,44,147,191,FALSE,44,51,7
3490306,8,34,160,194,FALSE,34,62,28
3490307,4,94,211,305,FALSE,94,58,-36
3490307,8,78,199,277,FALSE,78,60,-18
3490308,4,20,149,169,FALSE,20,64,44
3490308,8,28,194,222,FALSE,28,82,54
3490400,4,308,1039,1347,FALSE,308,365,57
3490400,8,333,1023,1356,FALSE,333,344,11
3490401,4,210,583,793,FALSE,210,186,-24
3490401,8,209,597,806,FALSE,209,193,-16
3490402,4,238,627,865,FALSE,238,194,-44
3490402,8,192,638,830,FALSE,192,222,30
3490403,4,138,667,805,FALSE,138,264,126
3490403,8,133,708,841,FALSE,133,287,154
3490404,4,187,438,625,FALSE,187,125,-62
3490404,8,186,449,635,FALSE,186,131,-55
3490405,4,140,306,446,FALSE,140,82,-58
3490405,8,118,347,465,FALSE,118,114,-4
3490406,4,43,112,155,FALSE,43,34,-9
3490406,8,33,110,143,FALSE,33,38,5
NA,4,66,129,195,FALSE,66,31,-35
NA,8,30,112,142,FALSE,30,40,10
350001,4,121,356,477,FALSE,121,117,-4
350001,8,111,338,449,FALSE,111,113,2
350002,4,130,289,419,FALSE,130,79,-51
350002,8,118,273,391,FALSE,118,77,-41
350003,4,77,106,183,FALSE,77,14,-63
350003,8,55,127,182,FALSE,55,35,-20
350004,4,99,534,633,FALSE,99,217,118
350004,8,128,543,671,FALSE,128,207,79
350005,4,69,272,341,FALSE,69,101,32
350005,8,64,250,314,FALSE,64,92,28
350006,4,196,490,686,FALSE,196,146,-50
350006,8,151,489,640,FALSE,151,168,17
350007,4,53,268,321,FALSE,53,107,54
350007,8,71,224,295,FALSE,71,76,5
350008,4,44,178,222,FALSE,44,66,22
350008,8,35,211,246,FALSE,35,87,52
350009,4,296,1071,1367,FALSE,296,387,91
350009,8,314,1035,1349,FALSE,314,360,46
350010,4,90,332,422,FALSE,90,120,30
350010,8,97,321,418,FALSE,97,111,14
350011,4,41,123,164,FALSE,41,40,-1
350011,8,64,216,280,FALSE,64,75,11
350012,4,73,173,246,FALSE,73,49,-24
350012,8,79,242,321,FALSE,79,81,2
350013,4,227,564,791,FALSE,227,168,-59
350013,8,182,481,663,FALSE,182,149,-33
350014,4,16,82,98,FALSE,16,32,16
350014,8,14,97,111,FALSE,14,41,27
350015,4,192,568,760,FALSE,192,187,-5
350015,8,214,548,762,FALSE,214,166,-48
350016,4,91,331,422,FALSE,91,119,28
350016,8,99,367,466,FALSE,99,133,34
3510001,4,186,355,541,FALSE,186,84,-102
3510001,8,114,388,502,FALSE,114,136,22
3510002,4,65,84,149,FALSE,65,9,-56
3510002,8,37,86,123,FALSE,37,24,-13
3510003,4,124,315,439,FALSE,124,95,-29
3510003,8,63,331,394,FALSE,63,133,70
3510004,4,41,51,92,FALSE,41,4,-37
3510004,8,33,54,87,FALSE,33,10,-23
3510005,4,94,256,350,FALSE,94,80,-14
3510005,8,48,262,310,FALSE,48,106,58
3510006,4,310,222,532,TRUE,43,222,179
3510006,8,277,194,471,TRUE,41,194,153
3510007,4,93,139,232,FALSE,93,22,-71
3510007,8,85,119,204,FALSE,85,16,-69
NA,4,93,132,225,FALSE,93,19,-74
NA,8,79,113,192,FALSE,79,16,-63
NA,4,21,32,53,FALSE,21,5,-16
NA,8,19,26,45,FALSE,19,3,-16
3510009,4,85,48,133,TRUE,18,48,30
3510009,8,80,59,139,TRUE,10,59,49
3510010,4,88,136,224,FALSE,88,23,-65
3510010,8,43,199,242,FALSE,43,77,34
3510011,4,240,283,523,FALSE,240,21,-219
3510011,8,84,315,399,FALSE,84,115,31
3510012,4,68,139,207,FALSE,68,35,-33
3510012,8,30,138,168,FALSE,30,53,23
3510013,4,230,278,508,FALSE,230,23,-207
3510013,8,123,361,484,FALSE,123,118,-5
3510014,4,172,69,241,TRUE,51,69,18
3510014,8,153,57,210,TRUE,47,57,10
3510015,4,67,179,246,FALSE,67,55,-12
3510015,8,48,195,243,FALSE,48,73,25
3510016,4,71,110,181,FALSE,71,19,-52
3510016,8,51,146,197,FALSE,51,47,-4
3510017,4,61,16,77,TRUE,22,16,-6
3510017,8,55,21,76,TRUE,16,21,5
3510018,4,73,69,142,TRUE,1,69,68
3510018,8,33,104,137,FALSE,33,35,2
3510019,4,37,102,139,FALSE,37,32,-5
3510019,8,11,106,117,FALSE,11,47,36
3510020,4,115,6,121,TRUE,54,6,-48
3510020,8,118,19,137,TRUE,49,19,-30
3510021,4,49,82,131,FALSE,49,16,-33
3510021,8,27,101,128,FALSE,27,36,9
3510022,4,131,56,187,TRUE,37,56,19
3510022,8,140,52,192,TRUE,43,52,9
3530001,4,178,458,636,FALSE,178,139,-39
3530001,8,187,399,586,FALSE,187,105,-82
3530002,4,160,594,754,FALSE,160,216,56
3530002,8,159,577,736,FALSE,159,208,49
3530003,4,250,544,794,FALSE,250,146,-104
3530003,8,266,469,735,FALSE,266,101,-165
3530004,4,380,345,725,TRUE,17,345,328
3530004,8,375,309,684,TRUE,32,309,277
3530005,4,27,100,127,FALSE,27,36,9
3530005,8,34,96,130,FALSE,34,30,-4
3530006,4,188,392,580,FALSE,188,101,-87
3530006,8,158,355,513,FALSE,158,98,-60
3530007,4,34,141,175,FALSE,34,53,19
3530007,8,19,154,173,FALSE,19,67,48
3530008,4,8,97,105,FALSE,8,44,36
3530008,8,12,94,106,FALSE,12,40,28
NA,4,212,638,850,FALSE,212,212,0
NA,8,191,631,822,FALSE,191,219,28
NA,4,0,0,0,FALSE,0,-1,-1
NA,8,0,0,0,FALSE,0,-1,-1
3530010,4,0,1,1,FALSE,0,0,0
3530010,8,1,1,2,FALSE,1,-1,-2
3530011,4,5,55,60,FALSE,5,24,19
3530011,8,4,49,53,FALSE,4,22,18
3530012,4,5,57,62,FALSE,5,25,20
3530012,8,6,51,57,FALSE,6,22,16
3530013,4,18,98,116,FALSE,18,39,21
3530013,8,23,94,117,FALSE,23,35,12
3530014,4,76,202,278,FALSE,76,62,-14
3530014,8,86,206,292,FALSE,86,59,-27
3550001,4,265,334,599,FALSE,265,34,-231
3550001,8,281,316,597,FALSE,281,17,-264
3550002,4,577,880,1457,FALSE,577,151,-426
3550002,8,653,715,1368,FALSE,653,30,-623
3550003,4,710,1490,2200,FALSE,710,389,-321
3550003,8,868,1285,2153,FALSE,868,208,-660
3550004,4,751,669,1420,TRUE,40,669,629
3550004,8,724,574,1298,TRUE,74,574,500
3550005,4,191,388,579,FALSE,191,98,-93
3550005,8,233,287,520,FALSE,233,26,-207
3550006,4,402,1007,1409,FALSE,402,302,-100
3550006,8,573,1005,1578,FALSE,573,215,-358
3550007,4,255,123,378,TRUE,65,123,58
3550007,8,269,71,340,TRUE,98,71,-27
3550008,4,559,970,1529,FALSE,559,205,-354
3550008,8,747,906,1653,FALSE,747,79,-668
3550009,4,340,811,1151,FALSE,340,235,-105
3550009,8,381,717,1098,FALSE,381,167,-214
3550010,4,122,437,559,FALSE,122,157,35
3550010,8,178,479,657,FALSE,178,150,-28
3550011,4,162,205,367,FALSE,162,21,-141
3550011,8,142,196,338,FALSE,142,26,-116
3550012,4,309,275,584,TRUE,16,275,259
3550012,8,318,228,546,TRUE,44,228,184
3550013,4,512,123,635,TRUE,194,123,-71
3550013,8,416,109,525,TRUE,153,109,-44
3550014,4,50,131,181,FALSE,50,40,-10
3550014,8,61,141,202,FALSE,61,39,-22
3550015,4,120,278,398,FALSE,120,78,-42
3550015,8,172,202,374,FALSE,172,14,-158
3550016,4,111,322,433,FALSE,111,105,-6
3550016,8,171,410,581,FALSE,171,119,-52
3550017,4,648,763,1411,FALSE,648,57,-591
3550017,8,749,645,1394,TRUE,51,645,594
3550018,4,533,1086,1619,FALSE,533,276,-257
3550018,8,590,908,1498,FALSE,590,158,-432
3550019,4,667,1373,2040,FALSE,667,352,-315
3550019,8,721,1249,1970,FALSE,721,263,-458
3550020,4,727,635,1362,TRUE,45,635,590
3550020,8,817,470,1287,TRUE,173,470,297
3550021,4,80,170,250,FALSE,80,44,-36
3550021,8,85,145,230,FALSE,85,29,-56
3550022,4,81,154,235,FALSE,81,36,-45
3550022,8,93,103,196,FALSE,93,4,-89
3550023,4,259,1006,1265,FALSE,259,373,114
3550023,8,216,960,1176,FALSE,216,371,155
3550024,4,169,82,251,TRUE,43,82,39
3550024,8,165,62,227,TRUE,51,62,11
3550025,4,48,128,176,FALSE,48,39,-9
3550025,8,59,126,185,FALSE,59,33,-26
3550026,4,366,1152,1518,FALSE,366,392,26
3550026,8,676,1491,2167,FALSE,676,407,-269
3550027,4,224,167,391,TRUE,28,167,139
3550027,8,236,132,368,TRUE,51,132,81
3550028,4,28,115,143,FALSE,28,43,15
3550028,8,15,105,120,FALSE,15,44,29
3550029,4,559,1347,1906,FALSE,559,393,-166
3550029,8,718,1196,1914,FALSE,718,238,-480
3550030,4,143,30,173,TRUE,56,30,-26
3550030,8,143,16,159,TRUE,63,16,-47
3550031,4,107,63,170,TRUE,21,63,42
3550031,8,90,41,131,TRUE,24,41,17
3550032,4,319,622,941,FALSE,319,151,-168
3550032,8,363,526,889,FALSE,363,81,-282
3550033,4,135,61,196,TRUE,36,61,25
3550033,8,132,40,172,TRUE,45,40,-5
3550034,4,138,99,237,TRUE,19,99,80
3550034,8,105,74,179,TRUE,15,74,59
3550035,4,355,99,454,TRUE,127,99,-28
3550035,8,275,93,368,TRUE,90,93,3
3550036,4,306,202,508,TRUE,51,202,151
3550036,8,352,159,511,TRUE,96,159,63
3550037,4,449,220,669,TRUE,114,220,106
3550037,8,457,180,637,TRUE,138,180,42
3550038,4,249,66,315,TRUE,91,66,-25
3550038,8,269,32,301,TRUE,118,32,-86
3550039,4,156,149,305,TRUE,3,149,146
3550039,8,170,121,291,TRUE,24,121,97
3550040,4,491,1570,2061,FALSE,491,539,48
3550040,8,556,1678,2234,FALSE,556,560,4
3550041,4,160,69,229,TRUE,45,69,24
3550041,8,129,55,184,TRUE,36,55,19
3550042,4,83,206,289,FALSE,83,61,-22
3550042,8,106,167,273,FALSE,106,30,-76
3550043,4,213,85,298,TRUE,63,85,22
3550043,8,184,54,238,TRUE,64,54,-10
3550044,4,345,130,475,TRUE,107,130,23
3550044,8,332,78,410,TRUE,126,78,-48
3550045,4,201,87,288,TRUE,56,87,31
3550045,8,188,64,252,TRUE,61,64,3
3550046,4,141,43,184,TRUE,48,43,-5
3550046,8,94,32,126,TRUE,30,32,2
3550047,4,111,49,160,TRUE,30,49,19
3550047,8,102,42,144,TRUE,29,42,13
3550048,4,415,486,901,FALSE,415,35,-380
3550048,8,438,382,820,TRUE,27,382,355
3550049,4,184,556,740,FALSE,184,185,1
3550049,8,198,469,667,FALSE,198,135,-63
3550050,4,128,172,300,FALSE,128,21,-107
3550050,8,155,133,288,TRUE,10,133,123
3550051,4,386,369,755,TRUE,8,369,361
3550051,8,404,345,749,TRUE,29,345,316
3550052,4,329,136,465,TRUE,96,136,40
3550052,8,303,105,408,TRUE,98,105,7
3550053,4,227,156,383,TRUE,35,156,121
3550053,8,221,102,323,TRUE,59,102,43
3550054,4,456,200,656,TRUE,127,200,73
3550054,8,419,195,614,TRUE,111,195,84
3550055,4,413,195,608,TRUE,108,195,87
3550055,8,353,155,508,TRUE,98,155,57
3550056,4,276,141,417,TRUE,67,141,74
3550056,8,283,106,389,TRUE,88,106,18
3550057,4,200,162,362,TRUE,18,162,144
3550057,8,232,133,365,TRUE,49,133,84
3550058,4,367,459,826,FALSE,367,45,-322
3550058,8,384,393,777,FALSE,384,4,-380
3550059,4,438,537,975,FALSE,438,49,-389
3550059,8,448,431,879,TRUE,8,431,423
3550060,4,383,127,510,TRUE,127,127,0
3550060,8,344,72,416,TRUE,135,72,-63
3550061,4,290,74,364,TRUE,107,74,-33
3550061,8,273,43,316,TRUE,114,43,-71
3550062,4,246,143,389,TRUE,51,143,92
3550062,8,251,89,340,TRUE,80,89,9
3550063,4,523,1044,1567,FALSE,523,260,-263
3550063,8,584,980,1564,FALSE,584,197,-387
3550064,4,348,892,1240,FALSE,348,271,-77
3550064,8,381,811,1192,FALSE,381,214,-167
3550065,4,715,1455,2170,FALSE,715,369,-346
3550065,8,744,1337,2081,FALSE,744,296,-448
3550066,4,391,509,900,FALSE,391,58,-333
3550066,8,376,352,728,TRUE,11,352,341
3550067,4,387,980,1367,FALSE,387,296,-91
3550067,8,648,974,1622,FALSE,648,162,-486
3550068,4,294,261,555,TRUE,16,261,245
3550068,8,350,199,549,TRUE,75,199,124
3550069,4,548,474,1022,TRUE,36,474,438
3550069,8,587,396,983,TRUE,95,396,301
3550070,4,665,632,1297,TRUE,16,632,616
3550070,8,714,490,1204,TRUE,111,490,379
3550071,4,503,274,777,TRUE,114,274,160
3550071,8,483,198,681,TRUE,142,198,56
3550072,4,459,413,872,TRUE,22,413,391
3550072,8,427,298,725,TRUE,64,298,234
3550073,4,435,248,683,TRUE,93,248,155
3550073,8,447,167,614,TRUE,139,167,28
3550074,4,706,212,918,TRUE,246,212,-34
3550074,8,581,120,701,TRUE,230,120,-110
3550075,4,783,286,1069,TRUE,248,286,38
3550075,8,745,199,944,TRUE,272,199,-73
3550076,4,264,74,338,TRUE,94,74,-20
3550076,8,228,47,275,TRUE,90,47,-43
3550077,4,122,50,172,TRUE,35,50,15
3550077,8,107,22,129,TRUE,42,22,-20
3550078,4,613,187,800,TRUE,212,187,-25
3550078,8,616,121,737,TRUE,247,121,-126
3550079,4,324,148,472,TRUE,87,148,61
3550079,8,339,131,470,TRUE,103,131,28
3550080,4,586,155,741,TRUE,215,155,-60
3550080,8,583,99,682,TRUE,241,99,-142
3550081,4,531,1521,2052,FALSE,531,494,-37
3550081,8,616,1564,2180,FALSE,616,473,-143
3550082,4,184,102,286,TRUE,40,102,62
3550082,8,161,71,232,TRUE,44,71,27
3550083,4,351,145,496,TRUE,102,145,43
3550083,8,335,118,453,TRUE,108,118,10
3550084,4,211,252,463,FALSE,211,20,-191
3550084,8,222,179,401,TRUE,21,179,158
3550085,4,200,63,263,TRUE,68,63,-5
3550085,8,150,32,182,TRUE,58,32,-26
3550086,4,168,252,420,FALSE,168,41,-127
3550086,8,173,227,400,FALSE,173,26,-147
3550087,4,391,433,824,FALSE,391,20,-371
3550087,8,397,359,756,TRUE,18,359,341
3550088,4,488,850,1338,FALSE,488,180,-308
3550088,8,578,764,1342,FALSE,578,92,-486
3550089,4,159,212,371,FALSE,159,26,-133
3550089,8,157,141,298,TRUE,7,141,134
3550090,4,227,288,515,FALSE,227,30,-197
3550090,8,204,240,444,FALSE,204,17,-187
3550091,4,552,1057,1609,FALSE,552,252,-300
3550091,8,687,926,1613,FALSE,687,119,-568
NA,4,403,759,1162,FALSE,403,177,-226
NA,8,422,694,1116,FALSE,422,135,-287
NA,4,19,37,56,FALSE,19,8,-11
NA,8,21,34,55,FALSE,21,6,-15
3550093,4,644,353,997,TRUE,145,353,208
3550093,8,705,264,969,TRUE,220,264,44
3550094,4,481,721,1202,FALSE,481,119,-362
3550094,8,500,573,1073,FALSE,500,36,-464
3550095,4,271,187,458,TRUE,41,187,146
3550095,8,230,124,354,TRUE,52,124,72
3550096,4,274,182,456,TRUE,45,182,137
3550096,8,246,136,382,TRUE,54,136,82
3550097,4,357,206,563,TRUE,75,206,131
3550097,8,344,142,486,TRUE,100,142,42
3550098,4,786,190,976,TRUE,297,190,-107
3550098,8,734,151,885,TRUE,291,151,-140
3550099,4,172,99,271,TRUE,36,99,63
3550099,8,178,55,233,TRUE,61,55,-6
3550100,4,289,371,660,FALSE,289,40,-249
3550100,8,297,311,608,FALSE,297,6,-291
3550101,4,582,1075,1657,FALSE,582,246,-336
3550101,8,606,975,1581,FALSE,606,184,-422
3550102,4,308,627,935,FALSE,308,159,-149
3550102,8,364,514,878,FALSE,364,74,-290
3550103,4,213,527,740,FALSE,213,156,-57
3550103,8,269,562,831,FALSE,269,146,-123
3550104,4,304,66,370,TRUE,118,66,-52
3550104,8,281,65,346,TRUE,107,65,-42
3550105,4,469,131,600,TRUE,168,131,-37
3550105,8,427,110,537,TRUE,158,110,-48
3550106,4,561,969,1530,FALSE,561,203,-358
3550106,8,586,768,1354,FALSE,586,90,-496
3550107,4,388,1635,2023,FALSE,388,623,235
3550107,8,555,1662,2217,FALSE,555,553,-2
3550108,4,149,86,235,TRUE,31,86,55
3550108,8,150,64,214,TRUE,42,64,22
3550109,4,149,241,390,FALSE,149,45,-104
3550109,8,130,198,328,FALSE,130,33,-97
3550110,4,251,540,791,FALSE,251,144,-107
3550110,8,270,425,695,FALSE,270,77,-193
3550111,4,132,280,412,FALSE,132,73,-59
3550111,8,153,289,442,FALSE,153,67,-86
3550112,4,552,923,1475,FALSE,552,185,-367
3550112,8,610,780,1390,FALSE,610,84,-526
3550113,4,163,40,203,TRUE,61,40,-21
3550113,8,159,25,184,TRUE,66,25,-41
3550114,4,159,94,253,TRUE,32,94,62
3550114,8,160,60,220,TRUE,49,60,11
3550115,4,417,902,1319,FALSE,417,242,-175
3550115,8,474,691,1165,FALSE,474,108,-366
3550116,4,734,1195,1929,FALSE,734,230,-504
3550116,8,861,995,1856,FALSE,861,66,-795
3550117,4,503,1392,1895,FALSE,503,444,-59
3550117,8,510,1243,1753,FALSE,510,366,-144
3550118,4,688,785,1473,FALSE,688,48,-640
3550118,8,784,593,1377,TRUE,95,593,498
3550119,4,633,1489,2122,FALSE,633,427,-206
3550119,8,733,1255,1988,FALSE,733,260,-473
3550120,4,486,781,1267,FALSE,486,147,-339
3550120,8,476,667,1143,FALSE,476,95,-381
3550121,4,394,541,935,FALSE,394,73,-321
3550121,8,420,448,868,FALSE,420,13,-407
3550122,4,411,1108,1519,FALSE,411,348,-63
3550122,8,504,1063,1567,FALSE,504,279,-225
3550123,4,320,944,1264,FALSE,320,311,-9
3550123,8,410,764,1174,FALSE,410,176,-234
3550124,4,481,938,1419,FALSE,481,228,-253
3550124,8,699,868,1567,FALSE,699,84,-615
3550125,4,490,1037,1527,FALSE,490,273,-217
3550125,8,933,1377,2310,FALSE,933,221,-712
3550126,4,13,55,68,FALSE,13,20,7
3550126,8,11,46,57,FALSE,11,17,6
3570001,4,66,513,579,FALSE,66,223,157
3570001,8,69,491,560,FALSE,69,210,141
3570002,4,50,582,632,FALSE,50,265,215
3570002,8,64,559,623,FALSE,64,247,183
3570003,4,63,1054,1117,FALSE,63,495,432
3570003,8,60,1053,1113,FALSE,60,496,436
3570004,4,72,773,845,FALSE,72,350,278
3570004,8,50,748,798,FALSE,50,348,298
3590101,4,5,170,175,FALSE,5,82,77
3590101,8,6,153,159,FALSE,6,73,67
3590103,4,17,89,106,FALSE,17,35,18
3590103,8,15,118,133,FALSE,15,51,36
3590202,4,17,103,120,FALSE,17,42,25
3590202,8,12,102,114,FALSE,12,44,32
3590203,4,14,90,104,FALSE,14,37,23
3590203,8,12,112,124,FALSE,12,49,37
3590303,4,15,134,149,FALSE,15,59,44
3590303,8,28,145,173,FALSE,28,58,30
3590403,4,12,58,70,FALSE,12,22,10
3590403,8,14,80,94,FALSE,14,32,18
3590404,4,28,89,117,FALSE,28,30,2
3590404,8,15,103,118,FALSE,15,43,28
3610001,4,139,127,266,TRUE,5,127,122
3610001,8,59,115,174,FALSE,59,27,-32
3610002,4,638,272,910,TRUE,182,272,90
3610002,8,603,253,856,TRUE,174,253,79
3610003,4,649,138,787,TRUE,255,138,-117
3610003,8,584,107,691,TRUE,238,107,-131
3610004,4,223,21,244,TRUE,100,21,-79
3610004,8,209,6,215,TRUE,101,6,-95
3610005,4,549,649,1198,FALSE,549,49,-500
3610005,8,525,522,1047,TRUE,1,522,521
3610006,4,357,763,1120,FALSE,357,202,-155
3610006,8,242,800,1042,FALSE,242,278,36
3610007,4,351,830,1181,FALSE,351,239,-112
3610007,8,308,799,1107,FALSE,308,245,-63
3610008,4,392,958,1350,FALSE,392,282,-110
3610008,8,287,1077,1364,FALSE,287,394,107
3610009,4,364,820,1184,FALSE,364,227,-137
3610009,8,223,896,1119,FALSE,223,336,113
3610010,4,76,257,333,FALSE,76,90,14
3610010,8,74,245,319,FALSE,74,85,11
3610011,4,214,210,424,TRUE,1,210,209
3610011,8,109,193,302,FALSE,109,41,-68
3610012,4,363,592,955,FALSE,363,114,-249
3610012,8,189,563,752,FALSE,189,186,-3
3610013,4,402,617,1019,FALSE,402,107,-295
3610013,8,318,558,876,FALSE,318,119,-199
3610014,4,506,672,1178,FALSE,506,82,-424
3610014,8,390,690,1080,FALSE,390,149,-241
3610015,4,377,719,1096,FALSE,377,170,-207
3610015,8,271,747,1018,FALSE,271,237,-34
3610016,4,322,870,1192,FALSE,322,273,-49
3610016,8,201,941,1142,FALSE,201,369,168
3610017,4,319,636,955,FALSE,319,158,-161
3610017,8,178,746,924,FALSE,178,283,105
3610018,4,371,776,1147,FALSE,371,202,-169
3610018,8,202,872,1074,FALSE,202,334,132
3610019,4,327,736,1063,FALSE,327,204,-123
3610019,8,181,670,851,FALSE,181,244,63
3610020,4,226,553,779,FALSE,226,163,-63
3610020,8,123,594,717,FALSE,123,235,112
3610021,4,81,98,179,FALSE,81,8,-73
3610021,8,34,120,154,FALSE,34,42,8
3610022,4,248,492,740,FALSE,248,121,-127
3610022,8,122,527,649,FALSE,122,202,80
3610023,4,418,818,1236,FALSE,418,199,-219
3610023,8,204,1056,1260,FALSE,204,425,221
3610024,4,368,610,978,FALSE,368,120,-248
3610024,8,136,650,786,FALSE,136,256,120
3610025,4,427,694,1121,FALSE,427,133,-294
3610025,8,210,730,940,FALSE,210,259,49
3610026,4,488,929,1417,FALSE,488,220,-268
3610026,8,271,905,1176,FALSE,271,316,45
3610027,4,291,796,1087,FALSE,291,252,-39
3610027,8,208,892,1100,FALSE,208,341,133
3610028,4,383,1046,1429,FALSE,383,331,-52
3610028,8,250,1131,1381,FALSE,250,440,190
3610029,4,232,468,700,FALSE,232,117,-115
3610029,8,119,509,628,FALSE,119,194,75
3610030,4,177,412,589,FALSE,177,117,-60
3610030,8,99,425,524,FALSE,99,162,63
3610031,4,373,843,1216,FALSE,373,234,-139
3610031,8,213,976,1189,FALSE,213,381,168
3610032,4,294,604,898,FALSE,294,154,-140
3610032,8,197,782,979,FALSE,197,292,95
3610033,4,253,624,877,FALSE,253,185,-68
3610033,8,149,704,853,FALSE,149,277,128
3610034,4,278,642,920,FALSE,278,181,-97
3610034,8,158,708,866,FALSE,158,274,116
3630001,4,61,218,279,FALSE,61,78,17
3630001,8,64,279,343,FALSE,64,107,43
3630002,4,29,101,130,FALSE,29,35,6
3630002,8,22,85,107,FALSE,22,31,9
3630003,4,166,438,604,FALSE,166,135,-31
3630003,8,89,432,521,FALSE,89,171,82
3630004,4,53,175,228,FALSE,53,60,7
3630004,8,59,171,230,FALSE,59,55,-4
3630005,4,125,242,367,FALSE,125,58,-67
3630005,8,84,201,285,FALSE,84,58,-26
3630006,4,142,335,477,FALSE,142,96,-46
3630006,8,152,372,524,FALSE,152,109,-43
3630007,4,129,268,397,FALSE,129,69,-60
3630007,8,71,259,330,FALSE,71,93,22
3630008,4,140,484,624,FALSE,140,171,31
3630008,8,95,521,616,FALSE,95,212,117
3630009,4,23,100,123,FALSE,23,38,15
3630009,8,36,185,221,FALSE,36,74,38
3630010,4,70,253,323,FALSE,70,91,21
3630010,8,51,236,287,FALSE,51,92,41
3630011,4,35,108,143,FALSE,35,36,1
3630011,8,18,141,159,FALSE,18,61,43
3630012,4,66,187,253,FALSE,66,60,-6
3630012,8,58,214,272,FALSE,58,77,19
3630013,4,26,91,117,FALSE,26,32,6
3630013,8,26,124,150,FALSE,26,48,22
3630014,4,45,93,138,FALSE,45,23,-22
3630014,8,27,79,106,FALSE,27,25,-2
3630015,4,107,242,349,FALSE,107,67,-40
3630015,8,85,285,370,FALSE,85,99,14
3630016,4,77,200,277,FALSE,77,61,-16
3630016,8,56,238,294,FALSE,56,90,34
3630017,4,110,243,353,FALSE,110,66,-44
3630017,8,145,174,319,FALSE,145,14,-131
3630018,4,49,72,121,FALSE,49,11,-38
3630018,8,32,68,100,FALSE,32,17,-15
3630019,4,87,178,265,FALSE,87,45,-42
3630019,8,76,205,281,FALSE,76,64,-12
3630020,4,29,129,158,FALSE,29,49,20
3630020,8,28,92,120,FALSE,28,31,3
3630021,4,167,466,633,FALSE,167,149,-18
3630021,8,139,461,600,FALSE,139,160,21
3630022,4,112,310,422,FALSE,112,98,-14
3630022,8,92,374,466,FALSE,92,140,48
3630023,4,205,484,689,FALSE,205,139,-66
3630023,8,229,506,735,FALSE,229,138,-91
3630024,4,19,63,82,FALSE,19,21,2
3630024,8,23,62,85,FALSE,23,19,-4
3630025,4,30,62,92,FALSE,30,15,-15
3630025,8,19,49,68,FALSE,19,14,-5
3630026,4,23,36,59,FALSE,23,6,-17
3630026,8,14,31,45,FALSE,14,8,-6
3630027,4,269,657,926,FALSE,269,193,-76
3630027,8,275,681,956,FALSE,275,202,-73
3630028,4,173,346,519,FALSE,173,86,-87
3630028,8,160,291,451,FALSE,160,65,-95
3630029,4,163,371,534,FALSE,163,103,-60
3630029,8,155,310,465,FALSE,155,77,-78
3630030,4,86,185,271,FALSE,86,49,-37
3630030,8,126,138,264,FALSE,126,5,-121
3650001,4,281,756,1037,FALSE,281,237,-44
3650001,8,278,961,1239,FALSE,278,341,63
3650002,4,341,878,1219,FALSE,341,268,-73
3650002,8,318,1122,1440,FALSE,318,401,83
3650003,4,318,645,963,FALSE,318,163,-155
3650003,8,243,599,842,FALSE,243,177,-66
3650005,4,88,229,317,FALSE,88,70,-18
3650005,8,51,243,294,FALSE,51,95,44
3650007,4,155,407,562,FALSE,155,125,-30
3650007,8,138,342,480,FALSE,138,101,-37
3650008,4,55,125,180,FALSE,55,34,-21
3650008,8,35,119,154,FALSE,35,41,6
3650009,4,145,442,587,FALSE,145,148,3
3650009,8,105,350,455,FALSE,105,122,17
3650010,4,80,171,251,FALSE,80,45,-35
3650010,8,78,140,218,FALSE,78,30,-48
3650012,4,48,263,311,FALSE,48,107,59
3650012,8,25,247,272,FALSE,25,110,85
3650013,4,73,155,228,FALSE,73,40,-33
3650013,8,82,138,220,FALSE,82,27,-55
3650014,4,78,228,306,FALSE,78,74,-4
3650014,8,36,213,249,FALSE,36,88,52
3650017,4,45,87,132,FALSE,45,20,-25
3650017,8,62,86,148,FALSE,62,11,-51
3650018,4,236,727,963,FALSE,236,245,9
3650018,8,164,903,1067,FALSE,164,369,205
3650019,4,45,150,195,FALSE,45,52,7
3650019,8,28,154,182,FALSE,28,62,34
3650020,4,24,150,174,FALSE,24,62,38
3650020,8,17,156,173,FALSE,17,69,52
3650022,4,129,146,275,FALSE,129,8,-121
3650022,8,138,96,234,TRUE,20,96,76
3650026,4,58,87,145,FALSE,58,14,-44
3650026,8,52,81,133,FALSE,52,14,-38
3650027,4,413,358,771,TRUE,27,358,331
3650027,8,444,349,793,TRUE,47,349,302
3650028,4,281,843,1124,FALSE,281,280,-1
3650028,8,277,1104,1381,FALSE,277,413,136
3650029,4,65,174,239,FALSE,65,54,-11
3650029,8,15,179,194,FALSE,15,81,66
3670100,4,382,1005,1387,FALSE,382,311,-71
3670100,8,491,1520,2011,FALSE,491,514,23
3670105,4,173,617,790,FALSE,173,221,48
3670105,8,208,734,942,FALSE,208,262,54
3670110,4,248,627,875,FALSE,248,189,-59
3670110,8,261,627,888,FALSE,261,182,-79
3670111,4,107,305,412,FALSE,107,98,-9
3670111,8,131,345,476,FALSE,131,106,-25
3670115,4,290,786,1076,FALSE,290,247,-43
3670115,8,320,790,1110,FALSE,320,234,-86
3670120,4,226,767,993,FALSE,226,270,44
3670120,8,230,853,1083,FALSE,230,311,81
3670125,4,160,797,957,FALSE,160,318,158
3670125,8,232,898,1130,FALSE,232,332,100
3670130,4,266,832,1098,FALSE,266,282,16
3670130,8,333,1002,1335,FALSE,333,334,1
3670135,4,161,508,669,FALSE,161,173,12
3670135,8,180,602,782,FALSE,180,210,30
3670200,4,251,563,814,FALSE,251,155,-96
3670200,8,269,609,878,FALSE,269,169,-100
3670205,4,320,713,1033,FALSE,320,196,-124
3670205,8,316,726,1042,FALSE,316,204,-112
3670210,4,204,622,826,FALSE,204,208,4
3670210,8,205,747,952,FALSE,205,270,65
3670215,4,287,1120,1407,FALSE,287,416,129
3670215,8,327,1328,1655,FALSE,327,500,173
3670220,4,68,296,364,FALSE,68,113,45
3670220,8,74,355,429,FALSE,74,140,66
3670225,4,147,530,677,FALSE,147,191,44
3670225,8,129,564,693,FALSE,129,217,88
3670230,4,136,551,687,FALSE,136,207,71
3670230,8,152,556,708,FALSE,152,201,49
3670235,4,103,354,457,FALSE,103,125,22
3670235,8,126,419,545,FALSE,126,146,20
3670240,4,252,872,1124,FALSE,252,309,57
3670240,8,269,977,1246,FALSE,269,353,84
3670245,4,162,472,634,FALSE,162,154,-8
3670245,8,156,459,615,FALSE,156,151,-5
3670300,4,275,796,1071,FALSE,275,260,-15
3670300,8,308,780,1088,FALSE,308,235,-73
3670305,4,202,613,815,FALSE,202,205,3
3670305,8,275,748,1023,FALSE,275,236,-39
3670310,4,263,608,871,FALSE,263,172,-91
3670310,8,287,561,848,FALSE,287,136,-151
3670315,4,324,1264,1588,FALSE,324,469,145
3670315,8,370,1425,1795,FALSE,370,527,157
3670320,4,241,832,1073,FALSE,241,295,54
3670320,8,204,915,1119,FALSE,204,355,151
3670325,4,214,674,888,FALSE,214,229,15
3670325,8,198,801,999,FALSE,198,301,103
3670330,4,220,529,749,FALSE,220,154,-66
3670330,8,217,517,734,FALSE,217,149,-68
3670335,4,246,962,1208,FALSE,246,357,111
3670335,8,232,1260,1492,FALSE,232,513,281
3670340,4,49,249,298,FALSE,49,99,50
3670340,8,71,303,374,FALSE,71,115,44
3670345,4,193,686,879,FALSE,193,246,53
3670345,8,221,851,1072,FALSE,221,314,93
3670350,4,212,965,1177,FALSE,212,376,164
3670350,8,274,1180,1454,FALSE,274,452,178
3670400,4,307,1097,1404,FALSE,307,394,87
3670400,8,439,1405,1844,FALSE,439,482,43
NA,4,211,840,1051,FALSE,211,314,103
NA,8,282,1153,1435,FALSE,282,435,153
NA,4,20,84,104,FALSE,20,31,11
NA,8,21,90,111,FALSE,21,34,13
NA,4,0,0,0,FALSE,0,-1,-1
NA,8,0,1,1,FALSE,0,0,0
3670410,4,194,740,934,FALSE,194,272,78
3670410,8,243,872,1115,FALSE,243,314,71
3670415,4,210,855,1065,FALSE,210,322,112
3670415,8,261,951,1212,FALSE,261,344,83
3670420,4,100,784,884,FALSE,100,341,241
3670420,8,197,968,1165,FALSE,197,385,188
3670425,4,136,582,718,FALSE,136,222,86
3670425,8,146,623,769,FALSE,146,238,92
3670430,4,150,859,1009,FALSE,150,354,204
3670430,8,206,887,1093,FALSE,206,340,134
3670435,4,183,871,1054,FALSE,183,343,160
3670435,8,290,1161,1451,FALSE,290,435,145
3670440,4,238,1278,1516,FALSE,238,519,281
3670440,8,305,1618,1923,FALSE,305,656,351
3670445,4,270,968,1238,FALSE,270,348,78
3670445,8,381,1186,1567,FALSE,381,402,21
NA,4,153,591,744,FALSE,153,218,65
NA,8,148,653,801,FALSE,148,252,104
NA,4,0,0,0,FALSE,0,-1,-1
NA,8,0,0,0,FALSE,0,-1,-1
NA,4,131,592,723,FALSE,131,230,99
NA,8,192,744,936,FALSE,192,275,83
NA,4,1,7,8,FALSE,1,2,1
NA,8,1,8,9,FALSE,1,3,2
3670460,4,280,1132,1412,FALSE,280,425,145
3670460,8,324,1202,1526,FALSE,324,438,114
3690101,4,113,810,923,FALSE,113,348,235
3690101,8,198,936,1134,FALSE,198,368,170
3690201,4,77,260,337,FALSE,77,91,14
3690201,8,183,377,560,FALSE,183,96,-87
3690202,4,11,137,148,FALSE,11,62,51
3690202,8,25,179,204,FALSE,25,76,51
3690203,4,1,47,48,FALSE,1,22,21
3690203,8,2,66,68,FALSE,2,31,29
3690301,4,104,591,695,FALSE,104,243,139
3690301,8,177,724,901,FALSE,177,273,96
3690302,4,6,158,164,FALSE,6,75,69
3690302,8,5,185,190,FALSE,5,89,84
3690303,4,7,44,51,FALSE,7,18,11
3690303,8,9,58,67,FALSE,9,24,15
3690401,4,17,203,220,FALSE,17,92,75
3690401,8,32,217,249,FALSE,32,92,60
3690402,4,53,125,178,FALSE,53,35,-18
3690402,8,88,227,315,FALSE,88,69,-19
370007,4,721,1534,2255,FALSE,721,406,-315
370007,8,772,1632,2404,FALSE,772,429,-343
370009,4,563,936,1499,FALSE,563,186,-377
370009,8,549,1108,1657,FALSE,549,279,-270
NA,4,290,866,1156,FALSE,290,287,-3
NA,8,236,1014,1250,FALSE,236,388,152
NA,4,0,0,0,FALSE,0,-1,-1
NA,8,0,0,0,FALSE,0,-1,-1
370011,4,318,1120,1438,FALSE,318,400,82
370011,8,253,1307,1560,FALSE,253,526,273
370012,4,267,859,1126,FALSE,267,295,28
370012,8,207,1097,1304,FALSE,207,444,237
370013,4,587,1109,1696,FALSE,587,260,-327
370013,8,394,1243,1637,FALSE,394,424,30
370014,4,534,960,1494,FALSE,534,212,-322
370014,8,461,1020,1481,FALSE,461,279,-182
370015,4,83,258,341,FALSE,83,87,4
370015,8,50,289,339,FALSE,50,119,69
370016,4,205,637,842,FALSE,205,215,10
370016,8,142,713,855,FALSE,142,285,143
370017,4,305,773,1078,FALSE,305,233,-72
370017,8,230,809,1039,FALSE,230,289,59
370018,4,351,1172,1523,FALSE,351,410,59
370018,8,339,1223,1562,FALSE,339,441,102
370019,4,78,284,362,FALSE,78,102,24
370019,8,63,385,448,FALSE,63,160,97
NA,4,495,111,606,TRUE,191,111,-80
NA,8,486,86,572,TRUE,199,86,-113
NA,4,589,197,786,TRUE,195,197,2
NA,8,590,218,808,TRUE,185,218,33
370020,4,324,263,587,TRUE,30,263,233
370020,8,245,279,524,FALSE,245,16,-229
370021,4,95,65,160,TRUE,14,65,51
370021,8,63,93,156,FALSE,63,14,-49
370022,4,99,127,226,FALSE,99,13,-86
370022,8,60,176,236,FALSE,60,57,-3
370024,4,108,260,368,FALSE,108,75,-33
370024,8,63,316,379,FALSE,63,126,63
370025,4,302,572,874,FALSE,302,134,-168
370025,8,211,662,873,FALSE,211,225,14
370027,4,87,330,417,FALSE,87,121,34
370027,8,59,364,423,FALSE,59,152,93
370028,4,108,324,432,FALSE,108,107,-1
370028,8,50,385,435,FALSE,50,167,117
370029,4,72,155,227,FALSE,72,41,-31
370029,8,33,186,219,FALSE,33,76,43
NA,4,543,151,694,TRUE,195,151,-44
NA,8,605,174,779,TRUE,215,174,-41
NA,4,155,94,249,TRUE,30,94,64
NA,8,171,101,272,TRUE,34,101,67
NA,4,536,106,642,TRUE,214,106,-108
NA,8,567,79,646,TRUE,243,79,-164
NA,4,476,831,1307,FALSE,476,177,-299
NA,8,462,847,1309,FALSE,462,192,-270
NA,4,199,105,304,TRUE,46,105,59
NA,8,205,89,294,TRUE,57,89,32
NA,4,181,42,223,TRUE,69,42,-27
NA,8,181,35,216,TRUE,72,35,-37
NA,4,328,811,1139,FALSE,328,241,-87
NA,8,347,782,1129,FALSE,347,217,-130
NA,4,304,304,608,FALSE,304,-1,-305
NA,8,305,290,595,TRUE,7,290,283
NA,4,103,102,205,TRUE,0,102,102
NA,8,81,124,205,FALSE,81,21,-60
NA,4,208,207,415,TRUE,0,207,207
NA,8,227,219,446,TRUE,3,219,216
NA,4,467,1703,2170,FALSE,467,617,150
NA,8,486,2067,2553,FALSE,486,790,304
NA,4,388,1174,1562,FALSE,388,392,4
NA,8,353,1133,1486,FALSE,353,389,36
NA,4,295,1340,1635,FALSE,295,522,227
NA,8,287,1339,1626,FALSE,287,525,238
NA,4,347,166,513,TRUE,90,166,76
NA,8,326,162,488,TRUE,81,162,81
NA,4,528,1211,1739,FALSE,528,341,-187
NA,8,436,1430,1866,FALSE,436,496,60
NA,4,233,519,752,FALSE,233,142,-91
NA,8,206,660,866,FALSE,206,226,20
3710001,4,321,945,1266,FALSE,321,311,-10
3710001,8,394,694,1088,FALSE,394,149,-245
3710002,4,396,680,1076,FALSE,396,141,-255
3710002,8,410,513,923,FALSE,410,51,-359
3710003,4,16,142,158,FALSE,16,62,46
3710003,8,16,124,140,FALSE,16,53,37
3710004,4,51,411,462,FALSE,51,179,128
3710004,8,66,398,464,FALSE,66,165,99
3710005,4,5,41,46,FALSE,5,17,12
3710005,8,2,39,41,FALSE,2,18,16
3710006,4,21,42,63,FALSE,21,10,-11
3710006,8,30,37,67,FALSE,30,3,-27
3710007,4,269,541,810,FALSE,269,135,-134
3710007,8,346,405,751,FALSE,346,29,-317
3710009,4,13,120,133,FALSE,13,53,40
3710009,8,42,104,146,FALSE,42,30,-12
3710010,4,150,245,395,FALSE,150,47,-103
3710010,8,170,166,336,TRUE,1,166,165
3730001,4,64,122,186,FALSE,64,28,-36
3730001,8,44,159,203,FALSE,44,57,13
3730002,4,93,197,290,FALSE,93,51,-42
3730002,8,91,181,272,FALSE,91,44,-47
3730003,4,367,602,969,FALSE,367,117,-250
3730003,8,422,880,1302,FALSE,422,228,-194
3730004,4,275,616,891,FALSE,275,170,-105
3730004,8,239,589,828,FALSE,239,174,-65
3730005,4,444,982,1426,FALSE,444,268,-176
3730005,8,382,1008,1390,FALSE,382,312,-70
3730006,4,804,1539,2343,FALSE,804,367,-437
3730006,8,561,1678,2239,FALSE,561,558,-3
3730007,4,300,736,1036,FALSE,300,217,-83
3730007,8,267,694,961,FALSE,267,213,-54
3730008,4,218,289,507,FALSE,218,35,-183
3730008,8,244,277,521,FALSE,244,16,-228
3730009,4,142,249,391,FALSE,142,53,-89
3730009,8,162,284,446,FALSE,162,60,-102
3730010,4,491,699,1190,FALSE,491,103,-388
3730010,8,489,698,1187,FALSE,489,104,-385
3730011,4,94,133,227,FALSE,94,19,-75
3730011,8,95,141,236,FALSE,95,22,-73
3730012,4,122,39,161,TRUE,41,39,-2
3730012,8,88,47,135,TRUE,20,47,27
3730013,4,49,150,199,FALSE,49,50,1
3730013,8,37,193,230,FALSE,37,77,40
3730014,4,200,349,549,FALSE,200,74,-126
3730014,8,146,344,490,FALSE,146,98,-48
3730015,4,153,341,494,FALSE,153,93,-60
3730015,8,110,398,508,FALSE,110,143,33
3730016,4,589,1657,2246,FALSE,589,533,-56
3730016,8,521,1691,2212,FALSE,521,584,63
3730017,4,158,325,483,FALSE,158,83,-75
3730017,8,130,348,478,FALSE,130,108,-22
3730018,4,302,129,431,TRUE,86,129,43
3730018,8,244,96,340,TRUE,73,96,23
3730019,4,1022,2320,3342,FALSE,1022,648,-374
3730019,8,1022,2069,3091,FALSE,1022,523,-499
3730020,4,1071,2306,3377,FALSE,1071,617,-454
3730020,8,936,1956,2892,FALSE,936,509,-427
3750121,4,117,551,668,FALSE,117,216,99
3750121,8,146,558,704,FALSE,146,205,59
3750122,4,172,812,984,FALSE,172,319,147
3750122,8,227,691,918,FALSE,227,231,4
3750123,4,522,1804,2326,FALSE,522,640,118
3750123,8,617,1627,2244,FALSE,617,504,-113
3750124,4,284,1341,1625,FALSE,284,528,244
3750124,8,292,1325,1617,FALSE,292,516,224
3750125,4,497,1696,2193,FALSE,497,599,102
3750125,8,591,1608,2199,FALSE,591,508,-83
3750126,4,392,1182,1574,FALSE,392,394,2
3750126,8,452,1122,1574,FALSE,452,334,-118
3750221,4,247,449,696,FALSE,247,100,-147
3750221,8,252,417,669,FALSE,252,82,-170
3750222,4,218,484,702,FALSE,218,132,-86
3750222,8,254,443,697,FALSE,254,94,-160
3750223,4,306,409,715,FALSE,306,51,-255
3750223,8,353,399,752,FALSE,353,22,-331
3750224,4,408,922,1330,FALSE,408,256,-152
3750224,8,479,915,1394,FALSE,479,217,-262
3750225,4,247,464,711,FALSE,247,108,-139
3750225,8,309,410,719,FALSE,309,50,-259
3750321,4,136,703,839,FALSE,136,283,147
3750321,8,156,875,1031,FALSE,156,359,203
3750322,4,30,106,136,FALSE,30,37,7
3750322,8,23,109,132,FALSE,23,42,19
3750323,4,433,1999,2432,FALSE,433,782,349
3750323,8,436,2186,2622,FALSE,436,874,438
3750324,4,533,2453,2986,FALSE,533,959,426
3750324,8,712,2617,3329,FALSE,712,952,240
3750325,4,468,1813,2281,FALSE,468,672,204
3750325,8,557,1773,2330,FALSE,557,607,50
3750326,4,334,1162,1496,FALSE,334,413,79
3750326,8,340,1195,1535,FALSE,340,427,87
3750327,4,121,522,643,FALSE,121,200,79
3750327,8,163,588,751,FALSE,163,212,49
3750421,4,224,336,560,FALSE,224,55,-169
3750421,8,294,267,561,TRUE,13,267,254
3750422,4,670,182,852,TRUE,243,182,-61
3750422,8,829,132,961,TRUE,348,132,-216
3750423,4,242,463,705,FALSE,242,110,-132
3750423,8,296,463,759,FALSE,296,83,-213
3750424,4,341,324,665,TRUE,8,324,316
3750424,8,472,278,750,TRUE,96,278,182
3750425,4,301,442,743,FALSE,301,70,-231
3750425,8,410,406,816,TRUE,1,406,405
3750426,4,130,251,381,FALSE,130,60,-70
3750426,8,152,212,364,FALSE,152,29,-123
3750427,4,114,163,277,FALSE,114,24,-90
3750427,8,120,135,255,FALSE,120,7,-113
3770001,4,153,125,278,TRUE,13,125,112
3770001,8,171,81,252,TRUE,44,81,37
3770002,4,123,81,204,TRUE,20,81,61
3770002,8,166,54,220,TRUE,55,54,-1
3770003,4,34,4,38,TRUE,14,4,-10
3770003,8,24,2,26,TRUE,10,2,-8
3770004,4,170,85,255,TRUE,42,85,43
3770004,8,213,51,264,TRUE,80,51,-29
3770005,4,200,79,279,TRUE,60,79,19
3770005,8,183,45,228,TRUE,68,45,-23
3770006,4,13,8,21,TRUE,2,8,6
3770006,8,17,12,29,TRUE,2,12,10
3770007,4,463,331,794,TRUE,65,331,266
3770007,8,478,244,722,TRUE,116,244,128
3790001,4,159,494,653,FALSE,159,167,8
3790001,8,138,570,708,FALSE,138,215,77
3790002,4,121,259,380,FALSE,121,68,-53
3790002,8,92,277,369,FALSE,92,92,0
3790003,4,106,340,446,FALSE,106,116,10
3790003,8,124,383,507,FALSE,124,129,5
3790005,4,194,432,626,FALSE,194,118,-76
3790005,8,195,463,658,FALSE,195,133,-62
3790007,4,186,508,694,FALSE,186,160,-26
3790007,8,145,514,659,FALSE,145,184,39
3790010,4,284,608,892,FALSE,284,161,-123
3790010,8,209,625,834,FALSE,209,207,-2
3790011,4,163,357,520,FALSE,163,96,-67
3790011,8,145,314,459,FALSE,145,84,-61
3810110,4,330,1626,1956,FALSE,330,647,317
3810110,8,364,1893,2257,FALSE,364,764,400
3810111,4,380,1454,1834,FALSE,380,536,156
3810111,8,595,1707,2302,FALSE,595,555,-40
3810112,4,247,782,1029,FALSE,247,267,20
3810112,8,295,704,999,FALSE,295,204,-91
3810113,4,219,897,1116,FALSE,219,338,119
3810113,8,261,830,1091,FALSE,261,284,23
3810114,4,398,1422,1820,FALSE,398,511,113
3810114,8,445,1471,1916,FALSE,445,512,67
3810123,4,104,511,615,FALSE,104,203,99
3810123,8,190,613,803,FALSE,190,211,21
3810131,4,64,494,558,FALSE,64,214,150
3810131,8,79,504,583,FALSE,79,212,133
3810208,4,31,237,268,FALSE,31,102,71
3810208,8,55,455,510,FALSE,55,199,144
3810219,4,282,1500,1782,FALSE,282,608,326
3810219,8,276,1430,1706,FALSE,276,576,300
3810220,4,277,1349,1626,FALSE,277,535,258
3810220,8,270,1275,1545,FALSE,270,502,232
3810222,4,477,2456,2933,FALSE,477,989,512
3810222,8,499,2380,2879,FALSE,499,940,441
3810227,4,419,2510,2929,FALSE,419,1045,626
3810227,8,509,2767,3276,FALSE,509,1128,619
3810228,4,367,2316,2683,FALSE,367,974,607
3810228,8,437,2258,2695,FALSE,437,910,473
3810230,4,414,2609,3023,FALSE,414,1097,683
3810230,8,512,2822,3334,FALSE,512,1154,642
3810304,4,20,173,193,FALSE,20,76,56
3810304,8,36,218,254,FALSE,36,90,54
3810305,4,239,1488,1727,FALSE,239,624,385
3810305,8,318,1356,1674,FALSE,318,518,200
3810306,4,371,1894,2265,FALSE,371,761,390
3810306,8,476,1855,2331,FALSE,476,689,213
3810307,4,265,1616,1881,FALSE,265,675,410
3810307,8,315,1604,1919,FALSE,315,644,329
3810309,4,88,517,605,FALSE,88,214,126
3810309,8,105,587,692,FALSE,105,240,135
3810324,4,384,2494,2878,FALSE,384,1054,670
3810324,8,507,2684,3191,FALSE,507,1088,581
3810325,4,258,1744,2002,FALSE,258,742,484
3810325,8,368,2059,2427,FALSE,368,845,477
3810332,4,53,360,413,FALSE,53,153,100
3810332,8,71,573,644,FALSE,71,250,179
3810415,4,333,1759,2092,FALSE,333,712,379
3810415,8,400,1842,2242,FALSE,400,720,320
3810416,4,357,1496,1853,FALSE,357,569,212
3810416,8,381,1385,1766,FALSE,381,501,120
3810417,4,374,1697,2071,FALSE,374,661,287
3810417,8,398,1646,2044,FALSE,398,623,225
3810418,4,332,1519,1851,FALSE,332,593,261
3810418,8,372,1430,1802,FALSE,372,528,156
3810421,4,197,923,1120,FALSE,197,362,165
3810421,8,224,828,1052,FALSE,224,301,77
3810426,4,289,1559,1848,FALSE,289,634,345
3810426,8,398,1858,2256,FALSE,398,729,331
3810429,4,280,1118,1398,FALSE,280,418,138
3810429,8,312,914,1226,FALSE,312,300,-12
3830001,4,33,119,152,FALSE,33,42,9
3830001,8,55,72,127,FALSE,55,8,-47
3830002,4,67,330,397,FALSE,67,131,64
3830002,8,55,287,342,FALSE,55,115,60
NA,4,32,242,274,FALSE,32,104,72
NA,8,49,214,263,FALSE,49,82,33
NA,4,11,41,52,FALSE,11,14,3
NA,8,3,44,47,FALSE,3,20,17
3830004,4,41,224,265,FALSE,41,91,50
3830004,8,35,178,213,FALSE,35,71,36
3850001,4,75,309,384,FALSE,75,116,41
3850001,8,80,320,400,FALSE,80,119,39
3850002,4,116,469,585,FALSE,116,176,60
3850002,8,135,541,676,FALSE,135,202,67
3850003,4,52,209,261,FALSE,52,78,26
3850003,8,81,158,239,FALSE,81,38,-43
3850004,4,64,248,312,FALSE,64,91,27
3850004,8,61,161,222,FALSE,61,49,-12
3850005,4,7,34,41,FALSE,7,13,6
3850005,8,7,26,33,FALSE,7,9,2
3850007,4,11,45,56,FALSE,11,16,5
3850007,8,11,32,43,FALSE,11,10,-1
3870001,4,72,138,210,FALSE,72,32,-40
3870001,8,57,120,177,FALSE,57,31,-26
3870002,4,230,276,506,FALSE,230,22,-208
3870002,8,159,243,402,FALSE,159,41,-118
3870003,4,369,240,609,TRUE,64,240,176
3870003,8,360,246,606,TRUE,56,246,190
3870004,4,268,385,653,FALSE,268,58,-210
3870004,8,228,362,590,FALSE,228,66,-162
3870005,4,191,468,659,FALSE,191,138,-53
3870005,8,124,479,603,FALSE,124,177,53
3870007,4,49,97,146,FALSE,49,23,-26
3870007,8,40,114,154,FALSE,40,36,-4
3870009,4,30,139,169,FALSE,30,54,24
3870009,8,17,154,171,FALSE,17,68,51
3870010,4,34,101,135,FALSE,34,33,-1
3870010,8,16,118,134,FALSE,16,50,34
3870011,4,8,98,106,FALSE,8,44,36
3870011,8,10,96,106,FALSE,10,42,32
3870013,4,162,300,462,FALSE,162,68,-94
3870013,8,95,289,384,FALSE,95,96,1
3870014,4,85,102,187,FALSE,85,8,-77
3870014,8,43,148,191,FALSE,43,52,9
3870017,4,52,119,171,FALSE,52,33,-19
3870017,8,50,116,166,FALSE,50,32,-18
3870018,4,33,84,117,FALSE,33,25,-8
3870018,8,34,76,110,FALSE,34,20,-14
3870019,4,106,146,252,FALSE,106,19,-87
3870019,8,46,186,232,FALSE,46,69,23
3870020,4,59,51,110,TRUE,3,51,48
3870020,8,54,53,107,TRUE,0,53,53
3870021,4,49,71,120,FALSE,49,10,-39
3870021,8,28,69,97,FALSE,28,20,-8
3870024,4,47,74,121,FALSE,47,13,-34
3870024,8,28,71,99,FALSE,28,21,-7
3870027,4,85,201,286,FALSE,85,57,-28
3870027,8,31,209,240,FALSE,31,88,57
3870028,4,75,77,152,FALSE,75,0,-75
3870028,8,62,87,149,FALSE,62,12,-50
3870029,4,42,94,136,FALSE,42,25,-17
3870029,8,28,81,109,FALSE,28,26,-2
3870030,4,22,48,70,FALSE,22,12,-10
3870030,8,13,67,80,FALSE,13,26,13
3870031,4,29,68,97,FALSE,29,19,-10
3870031,8,16,77,93,FALSE,16,30,14
3890001,4,121,71,192,TRUE,24,71,47
3890001,8,120,65,185,TRUE,27,65,38
3890002,4,193,197,390,FALSE,193,1,-192
3890002,8,194,163,357,TRUE,15,163,148
3890003,4,198,250,448,FALSE,198,25,-173
3890003,8,195,210,405,FALSE,195,7,-188
3890004,4,13,34,47,FALSE,13,10,-3
3890004,8,11,29,40,FALSE,11,8,-3
3890005,4,135,153,288,FALSE,135,8,-127
3890005,8,130,120,250,TRUE,4,120,116
3890006,4,58,43,101,TRUE,7,43,36
3890006,8,58,24,82,TRUE,16,24,8
3890007,4,129,293,422,FALSE,129,81,-48
3890007,8,143,259,402,FALSE,143,57,-86
3890008,4,117,105,222,TRUE,5,105,100
3890008,8,100,83,183,TRUE,8,83,75
3890010,4,163,217,380,FALSE,163,26,-137
3890010,8,194,156,350,TRUE,18,156,138
3890011,4,323,138,461,TRUE,92,138,46
3890011,8,277,84,361,TRUE,96,84,-12
3890012,4,150,276,426,FALSE,150,62,-88
3890012,8,181,251,432,FALSE,181,34,-147
390001,4,452,901,1353,FALSE,452,224,-228
390001,8,430,838,1268,FALSE,430,203,-227
390002,4,695,1391,2086,FALSE,695,347,-348
390002,8,667,1352,2019,FALSE,667,342,-325
390003,4,501,1405,1906,FALSE,501,451,-50
390003,8,418,1305,1723,FALSE,418,443,25
390004,4,667,1234,1901,FALSE,667,283,-384
390004,8,607,1258,1865,FALSE,607,325,-282
390005,4,325,520,845,FALSE,325,97,-228
390005,8,354,573,927,FALSE,354,109,-245
390006,4,324,964,1288,FALSE,324,319,-5
390006,8,261,1117,1378,FALSE,261,427,166
390007,4,304,247,551,TRUE,28,247,219
390007,8,300,238,538,TRUE,30,238,208
390008,4,228,465,693,FALSE,228,118,-110
390008,8,201,476,677,FALSE,201,137,-64
390009,4,93,211,304,FALSE,93,58,-35
390009,8,131,222,353,FALSE,131,45,-86
390010,4,149,484,633,FALSE,149,167,18
390010,8,125,442,567,FALSE,125,158,33
390011,4,331,852,1183,FALSE,331,260,-71
390011,8,412,886,1298,FALSE,412,236,-176
390012,4,329,882,1211,FALSE,329,276,-53
390012,8,357,884,1241,FALSE,357,263,-94
390013,4,251,636,887,FALSE,251,192,-59
390013,8,220,674,894,FALSE,220,226,6
390014,4,719,1709,2428,FALSE,719,494,-225
390014,8,799,1641,2440,FALSE,799,420,-379
390015,4,269,1017,1286,FALSE,269,373,104
390015,8,224,1102,1326,FALSE,224,438,214
390016,4,476,1125,1601,FALSE,476,324,-152
390016,8,478,1223,1701,FALSE,478,372,-106
390017,4,345,267,612,TRUE,38,267,229
390017,8,358,236,594,TRUE,60,236,176
390018,4,397,494,891,FALSE,397,48,-349
390018,8,346,395,741,FALSE,346,24,-322
390019,4,559,546,1105,TRUE,6,546,540
390019,8,580,521,1101,TRUE,29,521,492
390020,4,317,654,971,FALSE,317,168,-149
390020,8,250,629,879,FALSE,250,189,-61
390021,4,693,789,1482,FALSE,693,47,-646
390021,8,1761,1195,2956,TRUE,282,1195,913
390022,4,505,2163,2668,FALSE,505,828,323
390022,8,573,2021,2594,FALSE,573,723,150
390023,4,501,1138,1639,FALSE,501,318,-183
390023,8,401,989,1390,FALSE,401,293,-108
390024,4,298,624,922,FALSE,298,162,-136
390024,8,294,589,883,FALSE,294,147,-147
390025,4,247,922,1169,FALSE,247,337,90
390025,8,261,915,1176,FALSE,261,326,65
390026,4,542,1073,1615,FALSE,542,265,-277
390026,8,582,1124,1706,FALSE,582,270,-312
390027,4,411,958,1369,FALSE,411,273,-138
390027,8,423,924,1347,FALSE,423,250,-173
390028,4,592,1833,2425,FALSE,592,620,28
390028,8,1057,2197,3254,FALSE,1057,569,-488
390029,4,198,228,426,FALSE,198,14,-184
390029,8,992,808,1800,TRUE,91,808,717
390030,4,260,1375,1635,FALSE,260,557,297
390030,8,353,1460,1813,FALSE,353,553,200
390031,4,187,452,639,FALSE,187,132,-55
390031,8,170,506,676,FALSE,170,167,-3
390032,4,515,1022,1537,FALSE,515,253,-262
390032,8,447,1099,1546,FALSE,447,325,-122
390033,4,437,659,1096,FALSE,437,110,-327
390033,8,489,657,1146,FALSE,489,83,-406
390034,4,534,1437,1971,FALSE,534,451,-83
390034,8,504,1483,1987,FALSE,504,489,-15
390035,4,326,890,1216,FALSE,326,281,-45
390035,8,318,1099,1417,FALSE,318,390,72
390036,4,441,1037,1478,FALSE,441,297,-144
390036,8,657,1169,1826,FALSE,657,255,-402
390037,4,324,185,509,TRUE,69,185,116
390037,8,397,123,520,TRUE,136,123,-13
390038,4,137,336,473,FALSE,137,99,-38
390038,8,110,314,424,FALSE,110,101,-9
390039,4,343,546,889,FALSE,343,101,-242
390039,8,318,549,867,FALSE,318,115,-203
390040,4,524,1402,1926,FALSE,524,438,-86
390040,8,447,1517,1964,FALSE,447,534,87
390041,4,304,1005,1309,FALSE,304,350,46
390041,8,292,982,1274,FALSE,292,344,52
390042,4,159,282,441,FALSE,159,61,-98
390042,8,160,283,443,FALSE,160,61,-99
390043,4,692,1932,2624,FALSE,692,619,-73
390043,8,734,1862,2596,FALSE,734,563,-171
390044,4,678,1128,1806,FALSE,678,224,-454
390044,8,659,1067,1726,FALSE,659,203,-456
390045,4,550,1786,2336,FALSE,550,617,67
390045,8,563,1806,2369,FALSE,563,621,58
390046,4,312,978,1290,FALSE,312,332,20
390046,8,322,956,1278,FALSE,322,316,-6
390047,4,80,164,244,FALSE,80,41,-39
390047,8,72,123,195,FALSE,72,25,-47
390048,4,417,791,1208,FALSE,417,186,-231
390048,8,523,867,1390,FALSE,523,171,-352
390049,4,158,687,845,FALSE,158,264,106
390049,8,147,752,899,FALSE,147,302,155
390050,4,426,464,890,FALSE,426,18,-408
390050,8,3055,2081,5136,TRUE,486,2081,1595
390051,4,486,1967,2453,FALSE,486,740,254
390051,8,525,1905,2430,FALSE,525,689,164
390052,4,248,648,896,FALSE,248,199,-49
390052,8,269,669,938,FALSE,269,199,-70
390054,4,370,957,1327,FALSE,370,293,-77
390054,8,368,1039,1407,FALSE,368,335,-33
390055,4,262,656,918,FALSE,262,196,-66
390055,8,273,683,956,FALSE,273,204,-69
390056,4,725,1644,2369,FALSE,725,459,-266
390056,8,749,1645,2394,FALSE,749,447,-302
390057,4,128,436,564,FALSE,128,153,25
390057,8,131,433,564,FALSE,131,150,19
390058,4,1075,1560,2635,FALSE,1075,242,-833
390058,8,1596,1886,3482,FALSE,1596,144,-1452
390059,4,1,1,2,FALSE,1,-1,-2
390059,8,28,18,46,TRUE,4,18,14
390060,4,465,836,1301,FALSE,465,185,-280
390060,8,596,779,1375,FALSE,596,91,-505
390061,4,531,1562,2093,FALSE,531,515,-16
390061,8,811,1964,2775,FALSE,811,576,-235
390062,4,764,1056,1820,FALSE,764,145,-619
390062,8,1232,1103,2335,TRUE,64,1103,1039
390063,4,806,1014,1820,FALSE,806,103,-703
390063,8,1095,977,2072,TRUE,58,977,919
390064,4,429,1009,1438,FALSE,429,289,-140
390064,8,873,1505,2378,FALSE,873,315,-558
390065,4,538,1084,1622,FALSE,538,272,-266
390065,8,630,1054,1684,FALSE,630,211,-419
390067,4,386,1065,1451,FALSE,386,339,-47
390067,8,552,1068,1620,FALSE,552,257,-295
390068,4,362,1232,1594,FALSE,362,434,72
390068,8,488,1303,1791,FALSE,488,407,-81
390071,4,27,54,81,FALSE,27,13,-14
390071,8,33,61,94,FALSE,33,13,-20
390072,4,3,21,24,FALSE,3,8,5
390072,8,2,30,32,FALSE,2,13,11
390074,4,208,199,407,TRUE,4,199,195
390074,8,276,233,509,TRUE,21,233,212
390075,4,84,194,278,FALSE,84,54,-30
390075,8,137,184,321,FALSE,137,23,-114
390076,4,1108,1271,2379,FALSE,1108,81,-1027
390076,8,1025,904,1929,TRUE,60,904,844
390077,4,380,878,1258,FALSE,380,248,-132
390077,8,192,543,735,FALSE,192,175,-17
3910001,4,156,194,350,FALSE,156,18,-138
3910001,8,179,142,321,TRUE,18,142,124
3910002,4,122,508,630,FALSE,122,192,70
3910002,8,161,453,614,FALSE,161,145,-16
3910003,4,114,374,488,FALSE,114,129,15
3910003,8,166,350,516,FALSE,166,91,-75
3910004,4,201,105,306,TRUE,47,105,58
3910004,8,217,44,261,TRUE,86,44,-42
NA,4,190,178,368,TRUE,5,178,173
NA,8,197,128,325,TRUE,34,128,94
NA,4,25,95,120,FALSE,25,34,9
NA,8,24,96,120,FALSE,24,35,11
NA,4,53,124,177,FALSE,53,35,-18
NA,8,73,125,198,FALSE,73,25,-48
NA,4,155,383,538,FALSE,155,113,-42
NA,8,150,319,469,FALSE,150,84,-66
NA,4,165,173,338,FALSE,165,3,-162
NA,8,163,126,289,TRUE,18,126,108
NA,4,51,78,129,FALSE,51,13,-38
NA,8,52,71,123,FALSE,52,9,-43
3930001,4,11,104,115,FALSE,11,46,35
3930001,8,8,108,116,FALSE,8,49,41
3930002,4,8,110,118,FALSE,8,50,42
3930002,8,7,134,141,FALSE,7,63,56
3930003,4,13,101,114,FALSE,13,43,30
3930003,8,8,94,102,FALSE,8,42,34
NA,4,8,78,86,FALSE,8,34,26
NA,8,8,70,78,FALSE,8,30,22
NA,4,6,68,74,FALSE,6,30,24
NA,8,10,71,81,FALSE,10,30,20
3950001,4,389,328,717,TRUE,30,328,298
3950001,8,415,342,757,TRUE,36,342,306
3950002,4,465,614,1079,FALSE,465,74,-391
3950002,8,374,512,886,FALSE,374,68,-306
3950003,4,95,254,349,FALSE,95,79,-16
3950003,8,71,270,341,FALSE,71,99,28
3950004,4,48,131,179,FALSE,48,41,-7
3950004,8,40,242,282,FALSE,40,100,60
3950005,4,471,561,1032,FALSE,471,44,-427
3950005,8,325,622,947,FALSE,325,148,-177
3950006,4,229,480,709,FALSE,229,125,-104
3950006,8,243,639,882,FALSE,243,197,-46
3950007,4,39,43,82,FALSE,39,1,-38
3950007,8,31,24,55,TRUE,3,24,21
3950008,4,51,105,156,FALSE,51,26,-25
3950008,8,30,137,167,FALSE,30,53,23
3950011,4,182,446,628,FALSE,182,131,-51
3950011,8,149,460,609,FALSE,149,155,6
3950013,4,24,46,70,FALSE,24,10,-14
3950013,8,22,48,70,FALSE,22,12,-10
3950016,4,27,56,83,FALSE,27,14,-13
3950016,8,12,91,103,FALSE,12,39,27
3950018,4,17,47,64,FALSE,17,14,-3
3950018,8,10,47,57,FALSE,10,18,8
3950019,4,117,233,350,FALSE,117,57,-60
3950019,8,60,304,364,FALSE,60,121,61
3950022,4,615,264,879,TRUE,175,264,89
3950022,8,679,99,778,TRUE,289,99,-190
3950023,4,210,184,394,TRUE,12,184,172
3950023,8,214,143,357,TRUE,35,143,108
3970001,4,439,2062,2501,FALSE,439,811,372
3970001,8,772,2305,3077,FALSE,772,766,-6
3970002,4,505,2145,2650,FALSE,505,819,314
3970002,8,610,2373,2983,FALSE,610,881,271
3970003,4,298,1319,1617,FALSE,298,510,212
3970003,8,573,1942,2515,FALSE,573,684,111
3970004,4,491,1468,1959,FALSE,491,488,-3
3970004,8,1004,2135,3139,FALSE,1004,565,-439
NA,4,57,201,258,FALSE,57,71,14
NA,8,89,188,277,FALSE,89,49,-40
NA,4,432,1487,1919,FALSE,432,527,95
NA,8,654,1365,2019,FALSE,654,355,-299
NA,4,0,0,0,FALSE,0,-1,-1
NA,8,0,0,0,FALSE,0,-1,-1
NA,4,129,819,948,FALSE,129,344,215
NA,8,247,1024,1271,FALSE,247,388,141
NA,4,211,1258,1469,FALSE,211,523,312
NA,8,441,1590,2031,FALSE,441,574,133
NA,4,587,2029,2616,FALSE,587,720,133
NA,8,682,1988,2670,FALSE,682,652,-30
NA,4,358,918,1276,FALSE,358,279,-79
NA,8,402,850,1252,FALSE,402,223,-179
NA,4,644,1922,2566,FALSE,644,638,-6
NA,8,972,1844,2816,FALSE,972,435,-537
NA,4,192,811,1003,FALSE,192,309,117
NA,8,218,738,956,FALSE,218,259,41
NA,4,161,1053,1214,FALSE,161,445,284
NA,8,205,1105,1310,FALSE,205,449,244
NA,4,198,766,964,FALSE,198,283,85
NA,8,594,1611,2205,FALSE,594,508,-86
NA,4,212,998,1210,FALSE,212,392,180
NA,8,305,1014,1319,FALSE,305,354,49
NA,4,179,167,346,TRUE,5,167,162
NA,8,197,196,393,TRUE,0,196,196
NA,4,227,697,924,FALSE,227,234,7
NA,8,527,1032,1559,FALSE,527,252,-275
3990001,4,184,657,841,FALSE,184,236,52
3990001,8,189,612,801,FALSE,189,211,22
3990002,4,13,74,87,FALSE,13,30,17
3990002,8,15,49,64,FALSE,15,16,1
3990003,4,172,703,875,FALSE,172,265,93
3990003,8,152,654,806,FALSE,152,250,98
NA,4,65,198,263,FALSE,65,66,1
NA,8,59,208,267,FALSE,59,74,15
NA,4,3,20,23,FALSE,3,8,5
NA,8,3,15,18,FALSE,3,5,2
3990005,4,33,111,144,FALSE,33,38,5
3990005,8,15,76,91,FALSE,15,30,15
3990006,4,15,78,93,FALSE,15,31,16
3990006,8,13,60,73,FALSE,13,23,10
3990007,4,99,413,512,FALSE,99,156,57
3990007,8,88,493,581,FALSE,88,202,114
3990008,4,78,387,465,FALSE,78,154,76
3990008,8,65,380,445,FALSE,65,157,92
3990009,4,95,336,431,FALSE,95,120,25
3990009,8,88,347,435,FALSE,88,129,41
3990010,4,35,262,297,FALSE,35,113,78
3990010,8,33,224,257,FALSE,33,95,62
4010111,4,144,481,625,FALSE,144,168,24
4010111,8,152,451,603,FALSE,152,149,-3
4010112,4,264,944,1208,FALSE,264,339,75
4010112,8,300,939,1239,FALSE,300,319,19
4010113,4,299,1405,1704,FALSE,299,552,253
4010113,8,358,1448,1806,FALSE,358,544,186
4010114,4,213,744,957,FALSE,213,265,52
4010114,8,191,737,928,FALSE,191,272,81
4010201,4,180,744,924,FALSE,180,281,101
4010201,8,212,681,893,FALSE,212,234,22
4010212,4,125,376,501,FALSE,125,125,0
4010212,8,107,417,524,FALSE,107,154,47
4010213,4,242,811,1053,FALSE,242,284,42
4010213,8,264,886,1150,FALSE,264,310,46
4010214,4,484,948,1432,FALSE,484,231,-253
4010214,8,473,1076,1549,FALSE,473,301,-172
4010215,4,349,634,983,FALSE,349,142,-207
4010215,8,357,669,1026,FALSE,357,155,-202
4010302,4,368,389,757,FALSE,368,10,-358
4010302,8,359,351,710,TRUE,3,351,348
4010303,4,282,237,519,TRUE,22,237,215
4010303,8,326,190,516,TRUE,67,190,123
4010314,4,130,579,709,FALSE,130,224,94
4010314,8,109,586,695,FALSE,109,238,129
4010315,4,165,629,794,FALSE,165,231,66
4010315,8,124,629,753,FALSE,124,252,128
4010316,4,81,186,267,FALSE,81,52,-29
4010316,8,48,230,278,FALSE,48,90,42
4010317,4,183,157,340,TRUE,12,157,145
4010317,8,208,178,386,TRUE,14,178,164
4010318,4,193,489,682,FALSE,193,147,-46
4010318,8,173,487,660,FALSE,173,156,-17
4010319,4,122,157,279,FALSE,122,17,-105
4010319,8,137,164,301,FALSE,137,13,-124
4010404,4,246,934,1180,FALSE,246,343,97
4010404,8,244,923,1167,FALSE,244,339,95
4010405,4,195,838,1033,FALSE,195,321,126
4010405,8,188,854,1042,FALSE,188,332,144
4010416,4,97,355,452,FALSE,97,128,31
4010416,8,108,370,478,FALSE,108,130,22
4010417,4,199,568,767,FALSE,199,184,-15
4010417,8,224,574,798,FALSE,224,174,-50
4010418,4,338,785,1123,FALSE,338,223,-115
4010418,8,321,801,1122,FALSE,321,239,-82
4030001,4,311,857,1168,FALSE,311,272,-39
4030001,8,246,1059,1305,FALSE,246,406,160
4030002,4,290,625,915,FALSE,290,167,-123
4030002,8,202,729,931,FALSE,202,263,61
4030003,4,178,240,418,FALSE,178,30,-148
4030003,8,159,253,412,FALSE,159,46,-113
4030004,4,39,74,113,FALSE,39,17,-22
4030004,8,15,108,123,FALSE,15,46,31
4030005,4,206,402,608,FALSE,206,97,-109
4030005,8,123,506,629,FALSE,123,191,68
4030006,4,330,756,1086,FALSE,330,212,-118
4030006,8,21,175,196,FALSE,21,76,55
4030007,4,72,34,106,TRUE,18,34,16
4030007,8,228,887,1115,FALSE,228,329,101
4030008,4,50,150,200,FALSE,50,49,-1
4030008,8,83,32,115,TRUE,25,32,7
4050001,4,340,444,784,FALSE,340,51,-289
4050001,8,333,527,860,FALSE,333,96,-237
4050002,4,149,141,290,TRUE,3,141,138
4050002,8,130,115,245,TRUE,7,115,108
4050003,4,51,97,148,FALSE,51,22,-29
4050003,8,48,95,143,FALSE,48,23,-25
4050004,4,90,193,283,FALSE,90,51,-39
4050004,8,85,182,267,FALSE,85,48,-37
4050005,4,65,198,263,FALSE,65,66,1
4050005,8,52,179,231,FALSE,52,63,11
4050006,4,61,144,205,FALSE,61,41,-20
4050006,8,36,161,197,FALSE,36,62,26
4050007,4,68,196,264,FALSE,68,63,-5
4050007,8,60,157,217,FALSE,60,48,-12
4050008,4,96,308,404,FALSE,96,105,9
4050008,8,82,363,445,FALSE,82,140,58
4050009,4,152,334,486,FALSE,152,90,-62
4050009,8,119,357,476,FALSE,119,118,-1
4050010,4,92,163,255,FALSE,92,35,-57
4050010,8,52,188,240,FALSE,52,67,15
4050011,4,342,17,359,TRUE,162,17,-145
4050011,8,331,18,349,TRUE,156,18,-138
4070001,4,497,844,1341,FALSE,497,173,-324
4070001,8,495,925,1420,FALSE,495,214,-281
4070002,4,538,961,1499,FALSE,538,211,-327
4070002,8,490,1060,1550,FALSE,490,284,-206
4070003,4,201,388,589,FALSE,201,93,-108
4070003,8,221,430,651,FALSE,221,104,-117
4070004,4,105,435,540,FALSE,105,164,59
4070004,8,80,407,487,FALSE,80,163,83
4070005,4,209,502,711,FALSE,209,146,-63
4070005,8,205,644,849,FALSE,205,219,14
4070006,4,290,745,1035,FALSE,290,227,-63
4070006,8,300,868,1168,FALSE,300,283,-17
4070007,4,382,619,1001,FALSE,382,118,-264
4070007,8,429,710,1139,FALSE,429,140,-289
4070008,4,174,337,511,FALSE,174,81,-93
4070008,8,188,401,589,FALSE,188,106,-82
4070010,4,92,194,286,FALSE,92,50,-42
4070010,8,84,250,334,FALSE,84,82,-2
4070013,4,52,130,182,FALSE,52,38,-14
4070013,8,71,253,324,FALSE,71,90,19
4070014,4,148,236,384,FALSE,148,43,-105
4070014,8,158,203,361,FALSE,158,22,-136
4090001,4,20,77,97,FALSE,20,28,8
4090001,8,20,80,100,FALSE,20,29,9
4090002,4,577,566,1143,TRUE,5,566,561
4090002,8,697,575,1272,TRUE,60,575,515
4090003,4,40,160,200,FALSE,40,59,19
4090003,8,56,160,216,FALSE,56,51,-5
4090004,4,124,231,355,FALSE,124,53,-71
4090004,8,144,252,396,FALSE,144,53,-91
4090005,4,552,299,851,TRUE,126,299,173
4090005,8,696,219,915,TRUE,238,219,-19
4090006,4,255,357,612,FALSE,255,50,-205
4090006,8,286,356,642,FALSE,286,34,-252
4090007,4,155,120,275,TRUE,17,120,103
4090007,8,134,99,233,TRUE,17,99,82
4090008,4,435,1427,1862,FALSE,435,495,60
4090008,8,535,1227,1762,FALSE,535,345,-190
4090009,4,362,1219,1581,FALSE,362,428,66
4090009,8,466,1036,1502,FALSE,466,284,-182
4090010,4,326,472,798,FALSE,326,72,-254
4090010,8,374,442,816,FALSE,374,33,-341
4090011,4,392,140,532,TRUE,125,140,15
4090011,8,348,97,445,TRUE,125,97,-28
4090012,4,44,159,203,FALSE,44,57,13
4090012,8,49,140,189,FALSE,49,45,-4
4090013,4,202,433,635,FALSE,202,115,-87
4090013,8,219,338,557,FALSE,219,59,-160
4090014,4,401,459,860,FALSE,401,28,-373
4090014,8,343,326,669,TRUE,8,326,318
4090015,4,442,1099,1541,FALSE,442,328,-114
4090015,8,517,1151,1668,FALSE,517,316,-201
4090016,4,544,145,689,TRUE,199,145,-54
4090016,8,554,103,657,TRUE,225,103,-122
4090017,4,108,201,309,FALSE,108,46,-62
4090017,8,93,187,280,FALSE,93,46,-47
4090018,4,614,195,809,TRUE,209,195,-14
4090018,8,772,161,933,TRUE,305,161,-144
4090019,4,193,669,862,FALSE,193,237,44
4090019,8,227,570,797,FALSE,227,171,-56
4090020,4,98,320,418,FALSE,98,110,12
4090020,8,107,311,418,FALSE,107,101,-6
4090021,4,31,108,139,FALSE,31,38,7
4090021,8,26,111,137,FALSE,26,42,16
4090022,4,400,211,611,TRUE,94,211,117
4090022,8,430,148,578,TRUE,140,148,8
4090023,4,345,981,1326,FALSE,345,317,-28
4090023,8,353,844,1197,FALSE,353,245,-108
4090024,4,287,1520,1807,FALSE,287,616,329
4090024,8,453,1717,2170,FALSE,453,631,178
4090025,4,264,734,998,FALSE,264,234,-30
4090025,8,288,684,972,FALSE,288,197,-91
4090026,4,53,207,260,FALSE,53,76,23
4090026,8,106,203,309,FALSE,106,48,-58
4090027,4,68,244,312,FALSE,68,87,19
4090027,8,78,207,285,FALSE,78,64,-14
4090028,4,72,162,234,FALSE,72,44,-28
4090028,8,75,161,236,FALSE,75,42,-33
4090029,4,76,150,226,FALSE,76,36,-40
4090029,8,87,123,210,FALSE,87,17,-70
4090030,4,79,192,271,FALSE,79,56,-23
4090030,8,83,167,250,FALSE,83,41,-42
4090031,4,57,128,185,FALSE,57,35,-22
4090031,8,67,141,208,FALSE,67,36,-31
4090032,4,148,89,237,TRUE,29,89,60
4090032,8,171,68,239,TRUE,51,68,17
410001,4,135,398,533,FALSE,135,131,-4
410001,8,173,555,728,FALSE,173,190,17
410006,4,109,389,498,FALSE,109,139,30
410006,8,111,461,572,FALSE,111,174,63
410008,4,369,815,1184,FALSE,369,222,-147
410008,8,479,662,1141,FALSE,479,91,-388
410009,4,398,792,1190,FALSE,398,196,-202
410009,8,455,700,1155,FALSE,455,122,-333
410011,4,628,1131,1759,FALSE,628,251,-377
410011,8,775,1018,1793,FALSE,775,121,-654
410012,4,493,1248,1741,FALSE,493,377,-116
410012,8,543,1143,1686,FALSE,543,299,-244
410013,4,435,1149,1584,FALSE,435,356,-79
410013,8,436,1032,1468,FALSE,436,297,-139
410014,4,527,372,899,TRUE,77,372,295
410014,8,653,307,960,TRUE,172,307,135
410015,4,320,689,1009,FALSE,320,184,-136
410015,8,381,694,1075,FALSE,381,156,-225
410016,4,261,172,433,TRUE,44,172,128
410016,8,302,148,450,TRUE,76,148,72
410017,4,475,690,1165,FALSE,475,107,-368
410017,8,582,561,1143,TRUE,10,561,551
410019,4,70,87,157,FALSE,70,8,-62
410019,8,99,61,160,TRUE,18,61,43
410020,4,505,1615,2120,FALSE,505,554,49
410020,8,601,1101,1702,FALSE,601,249,-352
410021,4,72,126,198,FALSE,72,26,-46
410021,8,104,84,188,TRUE,9,84,75
410022,4,0,0,0,FALSE,0,-1,-1
410022,8,0,0,0,FALSE,0,-1,-1
410023,4,381,982,1363,FALSE,381,300,-81
410023,8,419,850,1269,FALSE,419,215,-204
410024,4,543,1283,1826,FALSE,543,369,-174
410024,8,742,1221,1963,FALSE,742,239,-503
410025,4,441,55,496,TRUE,192,55,-137
410025,8,505,45,550,TRUE,229,45,-184
410026,4,389,1306,1695,FALSE,389,458,69
410026,8,548,1428,1976,FALSE,548,439,-109
410029,4,144,128,272,TRUE,7,128,121
410029,8,146,137,283,TRUE,4,137,133
NA,4,484,1674,2158,FALSE,484,594,110
NA,8,703,2186,2889,FALSE,703,741,38
NA,4,0,0,0,FALSE,0,-1,-1
NA,8,0,0,0,FALSE,0,-1,-1
NA,4,91,308,399,FALSE,91,108,17
NA,8,48,109,157,FALSE,48,30,-18
NA,4,7,24,31,FALSE,7,8,1
NA,8,10,35,45,FALSE,10,12,2
410030,4,550,746,1296,FALSE,550,97,-453
410030,8,630,635,1265,FALSE,630,2,-628
410031,4,339,655,994,FALSE,339,157,-182
410031,8,386,544,930,FALSE,386,78,-308
410032,4,569,1598,2167,FALSE,569,514,-55
410032,8,671,1271,1942,FALSE,671,299,-372
410033,4,272,156,428,TRUE,57,156,99
410033,8,311,191,502,TRUE,59,191,132
410034,4,439,863,1302,FALSE,439,211,-228
410034,8,496,841,1337,FALSE,496,172,-324
410036,4,461,1117,1578,FALSE,461,327,-134
410036,8,603,945,1548,FALSE,603,170,-433
410038,4,127,10,137,TRUE,58,10,-48
410038,8,140,7,147,TRUE,66,7,-59
410039,4,841,2248,3089,FALSE,841,703,-138
410039,8,974,2056,3030,FALSE,974,540,-434
NA,4,121,290,411,FALSE,121,84,-37
NA,8,186,287,473,FALSE,186,50,-136
NA,4,57,53,110,TRUE,1,53,52
NA,8,14,47,61,FALSE,14,16,2
410040,4,705,1758,2463,FALSE,705,526,-179
410040,8,812,1790,2602,FALSE,812,488,-324
410041,4,380,1672,2052,FALSE,380,645,265
410041,8,595,1997,2592,FALSE,595,700,105
410042,4,0,0,0,FALSE,0,-1,-1
410042,8,0,0,0,FALSE,0,-1,-1
410043,4,13,10,23,TRUE,1,10,9
410043,8,10,6,16,TRUE,1,6,5
410044,4,7,33,40,FALSE,7,12,5
410044,8,17,53,70,FALSE,17,17,0
410045,4,122,267,389,FALSE,122,72,-50
410045,8,143,267,410,FALSE,143,61,-82
410046,4,5,5,10,FALSE,5,-1,-6
410046,8,7,8,15,FALSE,7,0,-7
410047,4,0,3,3,FALSE,0,1,1
410047,8,3,1,4,TRUE,0,1,1
410049,4,1,2,3,FALSE,1,0,-1
410049,8,3,0,3,TRUE,1,0,-1
NA,4,539,56,595,TRUE,241,56,-185
NA,8,639,38,677,TRUE,300,38,-262
NA,4,110,49,159,TRUE,30,49,19
NA,8,152,26,178,TRUE,62,26,-36
NA,4,4,9,13,FALSE,4,2,-2
NA,8,8,6,14,TRUE,0,6,6
410052,4,1,0,1,TRUE,0,0,0
410052,8,0,1,1,FALSE,0,0,0
410053,4,48,60,108,FALSE,48,5,-43
410053,8,38,38,76,FALSE,38,-1,-39
410054,4,78,140,218,FALSE,78,30,-48
410054,8,82,97,179,FALSE,82,7,-75
410055,4,17,17,34,FALSE,17,-1,-18
410055,8,21,18,39,TRUE,1,18,17
410057,4,52,85,137,FALSE,52,16,-36
410057,8,84,57,141,TRUE,13,57,44
NA,4,117,448,565,FALSE,117,165,48
NA,8,152,576,728,FALSE,152,211,59
NA,4,49,349,398,FALSE,49,149,100
NA,8,68,419,487,FALSE,68,175,107
410062,4,56,177,233,FALSE,56,60,4
410062,8,69,194,263,FALSE,69,62,-7
410064,4,4,10,14,FALSE,4,2,-2
410064,8,0,0,0,FALSE,0,-1,-1
410067,4,53,126,179,FALSE,53,36,-17
410067,8,67,98,165,FALSE,67,15,-52
410068,4,0,0,0,FALSE,0,-1,-1
410068,8,0,1,1,FALSE,0,0,0
410072,4,7,19,26,FALSE,7,5,-2
410072,8,10,19,29,FALSE,10,4,-6
410074,4,1,3,4,FALSE,1,0,-1
410074,8,1,1,2,FALSE,1,-1,-2
410077,4,48,150,198,FALSE,48,50,2
410077,8,74,142,216,FALSE,74,33,-41
410078,4,18,79,97,FALSE,18,30,12
410078,8,27,101,128,FALSE,27,36,9
410079,4,18,13,31,TRUE,2,13,11
410079,8,21,19,40,TRUE,0,19,19
NA,4,124,592,716,FALSE,124,233,109
NA,8,135,704,839,FALSE,135,284,149
NA,4,98,543,641,FALSE,98,222,124
NA,8,149,631,780,FALSE,149,240,91
410080,4,437,1919,2356,FALSE,437,740,303
410080,8,1057,2891,3948,FALSE,1057,916,-141
410081,4,11,30,41,FALSE,11,9,-2
410081,8,11,29,40,FALSE,11,8,-3
410082,4,46,116,162,FALSE,46,34,-12
410082,8,48,136,184,FALSE,48,43,-5
410083,4,0,0,0,FALSE,0,-1,-1
410083,8,0,0,0,FALSE,0,-1,-1
NA,4,270,646,916,FALSE,270,187,-83
NA,8,427,537,964,FALSE,427,54,-373
NA,4,80,290,370,FALSE,80,104,24
NA,8,192,359,551,FALSE,192,83,-109
NA,4,69,27,96,TRUE,20,27,7
NA,8,71,18,89,TRUE,26,18,-8
NA,4,98,5,103,TRUE,46,5,-41
NA,8,111,2,113,TRUE,54,2,-52
NA,4,48,17,65,TRUE,15,17,2
NA,8,38,8,46,TRUE,14,8,-6
NA,4,189,917,1106,FALSE,189,363,174
NA,8,221,1025,1246,FALSE,221,401,180
NA,4,1,18,19,FALSE,1,8,7
NA,8,1,12,13,FALSE,1,5,4
NA,4,7,18,25,FALSE,7,5,-2
NA,8,1,13,14,FALSE,1,5,4
NA,4,26,94,120,FALSE,26,33,7
NA,8,28,167,195,FALSE,28,69,41
NA,4,5,6,11,FALSE,5,0,-5
NA,8,25,37,62,FALSE,25,5,-20
NA,4,444,1262,1706,FALSE,444,408,-36
NA,8,782,1115,1897,FALSE,782,166,-616
NA,4,0,0,0,FALSE,0,-1,-1
NA,8,0,0,0,FALSE,0,-1,-1
NA,4,551,2113,2664,FALSE,551,780,229
NA,8,714,2064,2778,FALSE,714,674,-40
NA,4,17,74,91,FALSE,17,28,11
NA,8,26,104,130,FALSE,26,38,12
NA,4,101,191,292,FALSE,101,44,-57
NA,8,134,265,399,FALSE,134,65,-69
NA,4,0,7,7,FALSE,0,3,3
NA,8,2,13,15,FALSE,2,5,3
4110001,4,139,492,631,FALSE,139,176,37
4110001,8,121,506,627,FALSE,121,192,71
NA,4,73,276,349,FALSE,73,101,28
NA,8,78,339,417,FALSE,78,130,52
NA,4,73,239,312,FALSE,73,82,9
NA,8,72,212,284,FALSE,72,69,-3
NA,4,73,267,340,FALSE,73,96,23
NA,8,61,262,323,FALSE,61,100,39
NA,4,53,197,250,FALSE,53,71,18
NA,8,58,135,193,FALSE,58,38,-20
NA,4,106,377,483,FALSE,106,135,29
NA,8,72,430,502,FALSE,72,178,106
NA,4,12,46,58,FALSE,12,16,4
NA,8,25,57,82,FALSE,25,15,-10
4130001,4,80,283,363,FALSE,80,101,21
4130001,8,83,254,337,FALSE,83,85,2
4130002,4,83,253,336,FALSE,83,84,1
4130002,8,75,237,312,FALSE,75,80,5
4130003,4,82,146,228,FALSE,82,31,-51
4130003,8,102,181,283,FALSE,102,39,-63
4130004,4,67,330,397,FALSE,67,131,64
4130004,8,64,298,362,FALSE,64,116,52
4150005,4,15,64,79,FALSE,15,24,9
4150005,8,13,67,80,FALSE,13,26,13
4150006,4,19,157,176,FALSE,19,68,49
4150006,8,21,149,170,FALSE,21,63,42
4150007,4,179,1191,1370,FALSE,179,505,326
4150007,8,233,1132,1365,FALSE,233,449,216
4150008,4,86,662,748,FALSE,86,287,201
4150008,8,114,649,763,FALSE,114,267,153
4150009,4,40,253,293,FALSE,40,106,66
4150009,8,32,261,293,FALSE,32,114,82
4150010,4,108,692,800,FALSE,108,291,183
4150010,8,121,714,835,FALSE,121,296,175
4150011,4,19,73,92,FALSE,19,26,7
4150011,8,22,91,113,FALSE,22,34,12
4150012,4,202,663,865,FALSE,202,230,28
4150012,8,215,630,845,FALSE,215,207,-8
4150013,4,88,223,311,FALSE,88,67,-21
4150013,8,65,200,265,FALSE,65,67,2
4150014,4,21,59,80,FALSE,21,18,-3
4150014,8,20,73,93,FALSE,20,26,6
4150015,4,204,539,743,FALSE,204,167,-37
4150015,8,232,449,681,FALSE,232,108,-124
4170101,4,73,310,383,FALSE,73,118,45
4170101,8,64,325,389,FALSE,64,130,66
4170202,4,37,390,427,FALSE,37,176,139
4170202,8,39,376,415,FALSE,39,168,129
4170303,4,42,146,188,FALSE,42,51,9
4170303,8,25,146,171,FALSE,25,60,35
4170307,4,26,163,189,FALSE,26,68,42
4170307,8,24,178,202,FALSE,24,76,52
4170404,4,1,33,34,FALSE,1,15,14
4170404,8,5,20,25,FALSE,5,7,2
4170405,4,21,128,149,FALSE,21,53,32
4170405,8,30,128,158,FALSE,30,48,18
NA,4,29,121,150,FALSE,29,45,16
NA,8,21,109,130,FALSE,21,43,22
NA,4,0,1,1,FALSE,0,0,0
NA,8,0,2,2,FALSE,0,0,0
4190002,4,114,370,484,FALSE,114,127,13
4190002,8,87,432,519,FALSE,87,172,85
4190003,4,59,157,216,FALSE,59,48,-11
4190003,8,21,144,165,FALSE,21,61,40
4190004,4,178,321,499,FALSE,178,71,-107
4190004,8,147,370,517,FALSE,147,111,-36
4190005,4,310,920,1230,FALSE,310,304,-6
4190005,8,199,969,1168,FALSE,199,384,185
4190006,4,103,215,318,FALSE,103,55,-48
4190006,8,64,257,321,FALSE,64,96,32
4190007,4,199,352,551,FALSE,199,76,-123
4190007,8,202,356,558,FALSE,202,76,-126
4190008,4,262,437,699,FALSE,262,87,-175
4190008,8,252,501,753,FALSE,252,124,-128
NA,4,283,767,1050,FALSE,283,241,-42
NA,8,246,787,1033,FALSE,246,270,24
NA,4,324,807,1131,FALSE,324,241,-83
NA,8,264,836,1100,FALSE,264,285,21
NA,4,42,169,211,FALSE,42,63,21
NA,8,30,195,225,FALSE,30,82,52
NA,4,236,418,654,FALSE,236,90,-146
NA,8,199,459,658,FALSE,199,129,-70
NA,4,163,478,641,FALSE,163,157,-6
NA,8,161,460,621,FALSE,161,149,-12
NA,4,493,265,758,TRUE,113,265,152
NA,8,531,249,780,TRUE,140,249,109
NA,4,185,619,804,FALSE,185,216,31
NA,8,145,615,760,FALSE,145,234,89
4210101,4,9,66,75,FALSE,9,28,19
4210101,8,8,53,61,FALSE,8,22,14
4210102,4,17,153,170,FALSE,17,67,50
4210102,8,21,131,152,FALSE,21,54,33
4210201,4,27,159,186,FALSE,27,65,38
4210201,8,28,126,154,FALSE,28,48,20
4210202,4,8,60,68,FALSE,8,25,17
4210202,8,5,65,70,FALSE,5,29,24
4210301,4,7,46,53,FALSE,7,19,12
4210301,8,8,47,55,FALSE,8,19,11
4210302,4,19,133,152,FALSE,19,56,37
4210302,8,20,131,151,FALSE,20,55,35
4210401,4,34,325,359,FALSE,34,145,111
4210401,8,36,330,366,FALSE,36,146,110
4230001,4,117,93,210,TRUE,11,93,82
4230001,8,225,216,441,TRUE,4,216,212
4230002,4,204,83,287,TRUE,60,83,23
4230002,8,270,76,346,TRUE,96,76,-20
4230003,4,145,741,886,FALSE,145,297,152
4230003,8,164,674,838,FALSE,164,254,90
4230004,4,310,472,782,FALSE,310,80,-230
4230004,8,392,436,828,FALSE,392,21,-371
4230005,4,323,1885,2208,FALSE,323,780,457
4230005,8,457,2055,2512,FALSE,457,798,341
4230006,4,128,444,572,FALSE,128,157,29
4230006,8,125,453,578,FALSE,125,163,38
4230007,4,321,826,1147,FALSE,321,252,-69
4230007,8,368,785,1153,FALSE,368,208,-160
4230008,4,183,543,726,FALSE,183,179,-4
4230008,8,217,594,811,FALSE,217,188,-29
4230009,4,97,54,151,TRUE,21,54,33
4230009,8,105,34,139,TRUE,35,34,-1
4230010,4,306,123,429,TRUE,91,123,32
4230010,8,370,128,498,TRUE,120,128,8
4230011,4,776,101,877,TRUE,337,101,-236
4230011,8,864,55,919,TRUE,404,55,-349
4230012,4,729,220,949,TRUE,254,220,-34
4230012,8,832,154,986,TRUE,338,154,-184
4230013,4,696,25,721,TRUE,335,25,-310
4230013,8,774,20,794,TRUE,376,20,-356
4230014,4,310,476,786,FALSE,310,82,-228
4230014,8,442,527,969,FALSE,442,42,-400
4230015,4,399,2248,2647,FALSE,399,924,525
4230015,8,380,2421,2801,FALSE,380,1020,640
4230016,4,489,155,644,TRUE,166,155,-11
4230016,8,603,103,706,TRUE,249,103,-146
4230017,4,93,329,422,FALSE,93,117,24
4230017,8,87,326,413,FALSE,87,119,32
4230018,4,710,34,744,TRUE,337,34,-303
4230018,8,674,18,692,TRUE,327,18,-309
4230019,4,449,2037,2486,FALSE,449,793,344
4230019,8,507,2135,2642,FALSE,507,813,306
4230020,4,76,123,199,FALSE,76,23,-53
4230020,8,103,98,201,TRUE,2,98,96
4230021,4,219,1048,1267,FALSE,219,414,195
4230021,8,225,993,1218,FALSE,225,383,158
4230022,4,47,29,76,TRUE,8,29,21
4230022,8,20,22,42,FALSE,20,0,-20
4230023,4,292,1336,1628,FALSE,292,521,229
4230023,8,353,1170,1523,FALSE,353,408,55
4230024,4,617,402,1019,TRUE,107,402,295
4230024,8,724,458,1182,TRUE,132,458,326
4230025,4,236,1395,1631,FALSE,236,579,343
4230025,8,239,1242,1481,FALSE,239,501,262
4230026,4,295,1228,1523,FALSE,295,466,171
4230026,8,352,1215,1567,FALSE,352,431,79
4230027,4,222,775,997,FALSE,222,276,54
4230027,8,261,793,1054,FALSE,261,265,4
4230028,4,346,1891,2237,FALSE,346,772,426
4230028,8,411,1847,2258,FALSE,411,717,306
4230029,4,256,710,966,FALSE,256,226,-30
4230029,8,253,752,1005,FALSE,253,249,-4
4230030,4,416,2413,2829,FALSE,416,998,582
4230030,8,430,2550,2980,FALSE,430,1059,629
4230031,4,290,1607,1897,FALSE,290,658,368
4230031,8,276,1733,2009,FALSE,276,728,452
4230032,4,269,1401,1670,FALSE,269,565,296
4230032,8,319,1426,1745,FALSE,319,553,234
4230033,4,108,44,152,TRUE,31,44,13
4230033,8,114,43,157,TRUE,35,43,8
4230034,4,238,123,361,TRUE,57,123,66
4230034,8,303,100,403,TRUE,101,100,-1
4230035,4,230,69,299,TRUE,80,69,-11
4230035,8,313,64,377,TRUE,124,64,-60
4230036,4,192,244,436,FALSE,192,25,-167
4230036,8,234,231,465,TRUE,1,231,230
4230037,4,138,712,850,FALSE,138,286,148
4230037,8,186,729,915,FALSE,186,271,85
4230038,4,456,1691,2147,FALSE,456,617,161
4230038,8,619,1658,2277,FALSE,619,519,-100
4230039,4,183,92,275,TRUE,45,92,47
4230039,8,257,190,447,TRUE,33,190,157
4230040,4,339,2247,2586,FALSE,339,953,614
4230040,8,451,2353,2804,FALSE,451,950,499
4230041,4,499,2610,3109,FALSE,499,1055,556
4230041,8,596,3058,3654,FALSE,596,1230,634
4230042,4,325,1401,1726,FALSE,325,537,212
4230042,8,403,1548,1951,FALSE,403,572,169
4230043,4,172,472,644,FALSE,172,149,-23
4230043,8,175,458,633,FALSE,175,141,-34
4230044,4,639,1412,2051,FALSE,639,386,-253
4230044,8,784,1368,2152,FALSE,784,291,-493
4230045,4,135,645,780,FALSE,135,254,119
4230045,8,131,712,843,FALSE,131,290,159
4230046,4,185,304,489,FALSE,185,59,-126
4230046,8,200,342,542,FALSE,200,70,-130
4230047,4,119,119,238,FALSE,119,-1,-120
4230047,8,131,127,258,TRUE,1,127,126
4230048,4,74,160,234,FALSE,74,42,-32
4230048,8,70,133,203,FALSE,70,31,-39
4230049,4,55,53,108,TRUE,0,53,53
4230049,8,77,57,134,TRUE,9,57,48
4230050,4,276,1455,1731,FALSE,276,589,313
4230050,8,296,1335,1631,FALSE,296,519,223
4230051,4,185,726,911,FALSE,185,270,85
4230051,8,225,661,886,FALSE,225,217,-8
4230052,4,204,756,960,FALSE,204,275,71
4230052,8,239,855,1094,FALSE,239,307,68
4230053,4,867,149,1016,TRUE,358,149,-209
4230053,8,992,109,1101,TRUE,441,109,-332
4230054,4,365,1560,1925,FALSE,365,597,232
4230054,8,458,1544,2002,FALSE,458,542,84
4230055,4,624,1566,2190,FALSE,624,470,-154
4230055,8,851,1684,2535,FALSE,851,416,-435
4230056,4,387,1853,2240,FALSE,387,732,345
4230056,8,512,1998,2510,FALSE,512,742,230
4230057,4,38,15,53,TRUE,11,15,4
4230057,8,41,9,50,TRUE,15,9,-6
4230058,4,127,781,908,FALSE,127,326,199
4230058,8,174,900,1074,FALSE,174,362,188
4230059,4,423,1955,2378,FALSE,423,765,342
4230059,8,447,1932,2379,FALSE,447,742,295
4230060,4,113,165,278,FALSE,113,25,-88
4230060,8,160,139,299,TRUE,10,139,129
4230061,4,74,263,337,FALSE,74,94,20
4230061,8,90,238,328,FALSE,90,73,-17
4230062,4,128,13,141,TRUE,57,13,-44
4230062,8,192,24,216,TRUE,83,24,-59
4230063,4,9,8,17,TRUE,0,8,8
4230063,8,7,3,10,TRUE,1,3,2
4230064,4,31,64,95,FALSE,31,16,-15
4230064,8,37,60,97,FALSE,37,11,-26
4230065,4,38,2,40,TRUE,17,2,-15
4230065,8,52,6,58,TRUE,22,6,-16
4230066,4,98,146,244,FALSE,98,23,-75
4230066,8,110,126,236,FALSE,110,7,-103
4230067,4,17,2,19,TRUE,7,2,-5
4230067,8,17,0,17,TRUE,8,0,-8
4230068,4,291,564,855,FALSE,291,136,-155
4230068,8,366,502,868,FALSE,366,67,-299
4230069,4,32,98,130,FALSE,32,32,0
4230069,8,71,90,161,FALSE,71,9,-62
4230070,4,106,194,300,FALSE,106,43,-63
4230070,8,109,202,311,FALSE,109,46,-63
4230071,4,237,1176,1413,FALSE,237,469,232
4230071,8,284,1515,1799,FALSE,284,615,331
4230072,4,14,51,65,FALSE,14,18,4
4230072,8,12,39,51,FALSE,12,13,1
4230073,4,147,204,351,FALSE,147,28,-119
4230073,8,201,206,407,FALSE,201,2,-199
4230074,4,5,6,11,FALSE,5,0,-5
4230074,8,9,36,45,FALSE,9,13,4
4230075,4,291,1438,1729,FALSE,291,573,282
4230075,8,445,1862,2307,FALSE,445,708,263
4230076,4,185,131,316,TRUE,26,131,105
4230076,8,194,82,276,TRUE,55,82,27
4230077,4,156,351,507,FALSE,156,97,-59
4230077,8,216,306,522,FALSE,216,44,-172
4233401,4,7,4,11,TRUE,1,4,3
4233401,8,8,3,11,TRUE,2,3,1
4236301,4,17,16,33,TRUE,0,16,16
4236301,8,12,7,19,TRUE,2,7,5
4237301,4,25,35,60,FALSE,25,4,-21
4237301,8,33,34,67,FALSE,33,0,-33
4250001,4,185,654,839,FALSE,185,234,49
4250001,8,188,633,821,FALSE,188,222,34
4250002,4,238,723,961,FALSE,238,242,4
4250002,8,221,748,969,FALSE,221,263,42
4250003,4,104,342,446,FALSE,104,118,14
4250003,8,112,326,438,FALSE,112,106,-6
4250004,4,135,403,538,FALSE,135,133,-2
4250004,8,138,387,525,FALSE,138,124,-14
4250005,4,72,234,306,FALSE,72,80,8
4250005,8,58,274,332,FALSE,58,107,49
4250006,4,93,336,429,FALSE,93,121,28
4250006,8,82,309,391,FALSE,82,113,31
4270001,4,1144,458,1602,TRUE,342,458,116
4270001,8,1003,231,1234,TRUE,385,231,-154
4270002,4,924,371,1295,TRUE,276,371,95
4270002,8,1112,246,1358,TRUE,432,246,-186
4270003,4,410,143,553,TRUE,133,143,10
4270003,8,517,86,603,TRUE,215,86,-129
4270004,4,223,174,397,TRUE,24,174,150
4270004,8,215,144,359,TRUE,35,144,109
4270005,4,43,14,57,TRUE,14,14,0
4270005,8,46,12,58,TRUE,16,12,-4
4270006,4,1516,469,1985,TRUE,523,469,-54
4270006,8,1663,237,1900,TRUE,712,237,-475
4270007,4,276,64,340,TRUE,105,64,-41
4270007,8,275,45,320,TRUE,114,45,-69
4270008,4,799,203,1002,TRUE,297,203,-94
4270008,8,948,121,1069,TRUE,413,121,-292
4270009,4,825,231,1056,TRUE,296,231,-65
4270009,8,1041,121,1162,TRUE,459,121,-338
4270010,4,1039,425,1464,TRUE,306,425,119
4270010,8,1454,249,1703,TRUE,602,249,-353
4290001,4,172,515,687,FALSE,172,171,-1
4290001,8,121,559,680,FALSE,121,218,97
4290002,4,207,827,1034,FALSE,207,309,102
4290002,8,172,763,935,FALSE,172,295,123
4290003,4,144,553,697,FALSE,144,204,60
4290003,8,129,574,703,FALSE,129,222,93
4290004,4,158,766,924,FALSE,158,303,145
4290004,8,181,763,944,FALSE,181,290,109
4290005,4,11,57,68,FALSE,11,22,11
4290005,8,12,104,116,FALSE,12,45,33
4290006,4,11,85,96,FALSE,11,36,25
4290006,8,11,106,117,FALSE,11,47,36
430001,4,332,647,979,FALSE,332,157,-175
430001,8,392,643,1035,FALSE,392,125,-267
430002,4,351,433,784,FALSE,351,40,-311
430002,8,415,385,800,TRUE,14,385,371
430003,4,138,125,263,TRUE,6,125,119
430003,8,87,102,189,FALSE,87,7,-80
430004,4,406,427,833,FALSE,406,10,-396
430004,8,493,400,893,TRUE,46,400,354
430005,4,60,42,102,TRUE,8,42,34
430005,8,51,36,87,TRUE,7,36,29
430006,4,148,153,301,FALSE,148,2,-146
430006,8,220,173,393,TRUE,23,173,150
430007,4,50,31,81,TRUE,9,31,22
430007,8,21,9,30,TRUE,5,9,4
430008,4,244,122,366,TRUE,60,122,62
430008,8,291,107,398,TRUE,91,107,16
4310001,4,14,141,155,FALSE,14,63,49
4310001,8,19,148,167,FALSE,19,64,45
4310002,4,22,99,121,FALSE,22,38,16
4310002,8,34,75,109,FALSE,34,20,-14
4310003,4,24,157,181,FALSE,24,66,42
4310003,8,17,148,165,FALSE,17,65,48
4310004,4,11,147,158,FALSE,11,67,56
4310004,8,27,149,176,FALSE,27,60,33
4330001,4,57,126,183,FALSE,57,34,-23
4330001,8,52,141,193,FALSE,52,44,-8
4330002,4,47,129,176,FALSE,47,40,-7
4330002,8,56,148,204,FALSE,56,45,-11
4330003,4,72,111,183,FALSE,72,19,-53
4330003,8,39,103,142,FALSE,39,31,-8
4330004,4,74,133,207,FALSE,74,29,-45
4330004,8,59,132,191,FALSE,59,36,-23
4350101,4,103,191,294,FALSE,103,43,-60
4350101,8,135,173,308,FALSE,135,18,-117
4350401,4,93,199,292,FALSE,93,52,-41
4350401,8,118,191,309,FALSE,118,36,-82
NA,4,18,218,236,FALSE,18,99,81
NA,8,24,202,226,FALSE,24,88,64
NA,4,15,69,84,FALSE,15,26,11
NA,8,21,68,89,FALSE,21,23,2
NA,4,14,240,254,FALSE,14,112,98
NA,8,17,244,261,FALSE,17,113,96
NA,4,6,92,98,FALSE,6,42,36
NA,8,8,92,100,FALSE,8,41,33
NA,4,31,164,195,FALSE,31,66,35
NA,8,37,140,177,FALSE,37,51,14
4370001,4,110,232,342,FALSE,110,60,-50
4370001,8,140,224,364,FALSE,140,41,-99
4370002,4,196,378,574,FALSE,196,90,-106
4370002,8,209,424,633,FALSE,209,107,-102
4370003,4,96,293,389,FALSE,96,98,2
4370003,8,151,346,497,FALSE,151,97,-54
4370004,4,76,98,174,FALSE,76,10,-66
4370004,8,114,111,225,TRUE,1,111,110
4370006,4,37,89,126,FALSE,37,25,-12
4370006,8,61,122,183,FALSE,61,30,-31
4370007,4,35,177,212,FALSE,35,70,35
4370007,8,56,249,305,FALSE,56,96,40
4370009,4,15,21,36,FALSE,15,2,-13
4370009,8,16,20,36,FALSE,16,1,-15
4370010,4,21,59,80,FALSE,21,18,-3
4370010,8,16,46,62,FALSE,16,14,-2
4370011,4,33,113,146,FALSE,33,39,6
4370011,8,44,121,165,FALSE,44,38,-6
4370012,4,7,27,34,FALSE,7,9,2
4370012,8,6,20,26,FALSE,6,6,0
4391001,4,58,54,112,TRUE,1,54,53
4391001,8,154,108,262,TRUE,22,108,86
4391002,4,127,106,233,TRUE,10,106,96
4391002,8,296,227,523,TRUE,34,227,193
4391004,4,648,975,1623,FALSE,648,163,-485
4391004,8,726,879,1605,FALSE,726,76,-650
4391005,4,94,13,107,TRUE,40,13,-27
4391005,8,137,4,141,TRUE,66,4,-62
4391008,4,208,13,221,TRUE,97,13,-84
4391008,8,224,6,230,TRUE,108,6,-102
4391009,4,291,538,829,FALSE,291,123,-168
4391009,8,294,513,807,FALSE,294,109,-185
4391010,4,163,53,216,TRUE,54,53,-1
4391010,8,183,34,217,TRUE,74,34,-40
4391011,4,304,84,388,TRUE,109,84,-25
4391011,8,324,57,381,TRUE,133,57,-76
4391012,4,647,617,1264,TRUE,14,617,603
4391012,8,730,474,1204,TRUE,127,474,347
4391013,4,1253,283,1536,TRUE,484,283,-201
4391013,8,1391,215,1606,TRUE,587,215,-372
4391014,4,198,241,439,FALSE,198,21,-177
4391014,8,163,241,404,FALSE,163,38,-125
4391015,4,70,41,111,TRUE,14,41,27
4391015,8,88,28,116,TRUE,29,28,-1
4391019,4,225,85,310,TRUE,69,85,16
4391019,8,258,79,337,TRUE,89,79,-10
4391021,4,563,1445,2008,FALSE,563,440,-123
4391021,8,617,1356,1973,FALSE,617,369,-248
4391022,4,310,648,958,FALSE,310,168,-142
4391022,8,340,580,920,FALSE,340,119,-221
4391023,4,443,1092,1535,FALSE,443,324,-119
4391023,8,858,1260,2118,FALSE,858,200,-658
4391024,4,384,905,1289,FALSE,384,260,-124
4391024,8,692,1201,1893,FALSE,692,254,-438
4391025,4,664,539,1203,TRUE,62,539,477
4391025,8,753,459,1212,TRUE,146,459,313
4391034,4,433,1489,1922,FALSE,433,527,94
4391034,8,604,1672,2276,FALSE,604,533,-71
4391056,4,154,33,187,TRUE,60,33,-27
4391056,8,230,21,251,TRUE,104,21,-83
4391058,4,218,12,230,TRUE,102,12,-90
4391058,8,250,6,256,TRUE,121,6,-115
4391059,4,189,18,207,TRUE,85,18,-67
4391059,8,224,9,233,TRUE,107,9,-98
4391061,4,100,13,113,TRUE,43,13,-30
4391061,8,110,16,126,TRUE,46,16,-30
4391062,4,323,291,614,TRUE,15,291,276
4391062,8,338,287,625,TRUE,25,287,262
4391066,4,247,165,412,TRUE,40,165,125
4391066,8,237,143,380,TRUE,46,143,97
4391073,4,114,5,119,TRUE,54,5,-49
4391073,8,107,1,108,TRUE,52,1,-51
4391074,4,277,46,323,TRUE,115,46,-69
4391074,8,313,30,343,TRUE,141,30,-111
4391075,4,227,69,296,TRUE,78,69,-9
4391075,8,291,68,359,TRUE,111,68,-43
4391076,4,391,322,713,TRUE,34,322,288
4391076,8,357,339,696,TRUE,8,339,331
4391078,4,411,19,430,TRUE,195,19,-176
4391078,8,446,11,457,TRUE,217,11,-206
4391079,4,630,28,658,TRUE,300,28,-272
4391079,8,693,18,711,TRUE,337,18,-319
4391080,4,331,18,349,TRUE,156,18,-138
4391080,8,361,14,375,TRUE,173,14,-159
4391081,4,513,825,1338,FALSE,513,155,-358
4391081,8,498,713,1211,FALSE,498,107,-391
4391082,4,133,192,325,FALSE,133,29,-104
4391082,8,146,152,298,FALSE,146,2,-144
4391083,4,591,120,711,TRUE,235,120,-115
4391083,8,702,69,771,TRUE,316,69,-247
4391085,4,43,52,95,FALSE,43,4,-39
4391085,8,52,39,91,TRUE,6,39,33
4391088,4,302,151,453,TRUE,75,151,76
4391088,8,340,120,460,TRUE,109,120,11
4391089,4,842,39,881,TRUE,401,39,-362
4391089,8,894,8,902,TRUE,442,8,-434
4391090,4,856,38,894,TRUE,408,38,-370
4391090,8,912,17,929,TRUE,447,17,-430
4391095,4,199,400,599,FALSE,199,100,-99
4391095,8,234,383,617,FALSE,234,74,-160
4391098,4,770,61,831,TRUE,354,61,-293
4391098,8,894,36,930,TRUE,428,36,-392
4391099,4,281,240,521,TRUE,20,240,220
4391099,8,355,188,543,TRUE,83,188,105
4391103,4,213,701,914,FALSE,213,243,30
4391103,8,303,716,1019,FALSE,303,206,-97
4391104,4,1377,197,1574,TRUE,589,197,-392
4391104,8,1506,109,1615,TRUE,698,109,-589
4391105,4,447,873,1320,FALSE,447,212,-235
4391105,8,525,787,1312,FALSE,525,130,-395
4391106,4,1298,48,1346,TRUE,624,48,-576
4391106,8,1452,20,1472,TRUE,715,20,-695
4391108,4,297,478,775,FALSE,297,90,-207
4391108,8,353,424,777,FALSE,353,35,-318
4391109,4,215,192,407,TRUE,11,192,181
4391109,8,282,156,438,TRUE,62,156,94
4391111,4,180,535,715,FALSE,180,177,-3
4391111,8,254,746,1000,FALSE,254,245,-9
4391117,4,551,806,1357,FALSE,551,127,-424
4391117,8,579,743,1322,FALSE,579,81,-498
4391119,4,1098,1239,2337,FALSE,1098,70,-1028
4391119,8,1702,1210,2912,TRUE,245,1210,965
4391120,4,1298,82,1380,TRUE,607,82,-525
4391120,8,1460,48,1508,TRUE,705,48,-657
4391126,4,902,671,1573,TRUE,115,671,556
4391126,8,1295,503,1798,TRUE,395,503,108
4391127,4,926,53,979,TRUE,436,53,-383
4391127,8,1030,17,1047,TRUE,506,17,-489
4391132,4,851,58,909,TRUE,396,58,-338
4391132,8,987,25,1012,TRUE,480,25,-455
4391133,4,423,614,1037,FALSE,423,95,-328
4391133,8,465,506,971,FALSE,465,20,-445
4391134,4,47,216,263,FALSE,47,84,37
4391134,8,62,167,229,FALSE,62,52,-10
4391142,4,368,594,962,FALSE,368,112,-256
4391142,8,413,495,908,FALSE,413,40,-373
4391146,4,560,612,1172,FALSE,560,25,-535
4391146,8,706,532,1238,TRUE,86,532,446
4391149,4,976,337,1313,TRUE,319,337,18
4391149,8,1098,243,1341,TRUE,427,243,-184
4391150,4,699,476,1175,TRUE,111,476,365
4391150,8,798,363,1161,TRUE,217,363,146
4391151,4,409,368,777,TRUE,20,368,348
4391151,8,454,304,758,TRUE,74,304,230
4391152,4,97,29,126,TRUE,33,29,-4
4391152,8,123,23,146,TRUE,49,23,-26
4391153,4,845,97,942,TRUE,373,97,-276
4391153,8,1048,71,1119,TRUE,488,71,-417
4391154,4,426,65,491,TRUE,180,65,-115
4391154,8,467,43,510,TRUE,211,43,-168
4391165,4,345,470,815,FALSE,345,62,-283
4391165,8,378,414,792,FALSE,378,17,-361
4391167,4,428,726,1154,FALSE,428,148,-280
4391167,8,399,626,1025,FALSE,399,113,-286
4391170,4,749,713,1462,TRUE,17,713,696
4391170,8,832,576,1408,TRUE,127,576,449
4391175,4,144,149,293,FALSE,144,2,-142
4391175,8,273,223,496,TRUE,24,223,199
4391184,4,139,163,302,FALSE,139,11,-128
4391184,8,131,166,297,FALSE,131,17,-114
4391185,4,111,135,246,FALSE,111,11,-100
4391185,8,144,133,277,TRUE,5,133,128
4391186,4,152,166,318,FALSE,152,6,-146
4391186,8,141,283,424,FALSE,141,70,-71
4391188,4,383,15,398,TRUE,183,15,-168
4391188,8,414,6,420,TRUE,203,6,-197
4391189,4,589,873,1462,FALSE,589,141,-448
4391189,8,629,831,1460,FALSE,629,100,-529
4391198,4,103,132,235,FALSE,103,14,-89
4391198,8,111,112,223,FALSE,111,0,-111
4391206,4,624,1307,1931,FALSE,624,341,-283
4391206,8,583,1255,1838,FALSE,583,335,-248
4391207,4,531,860,1391,FALSE,531,164,-367
4391207,8,584,771,1355,FALSE,584,93,-491
4391208,4,651,1682,2333,FALSE,651,515,-136
4391208,8,810,1798,2608,FALSE,810,493,-317
4391211,4,998,61,1059,TRUE,468,61,-407
4391211,8,1214,27,1241,TRUE,593,27,-566
4391227,4,829,636,1465,TRUE,96,636,540
4391227,8,1465,671,2136,TRUE,396,671,275
4391236,4,159,222,381,FALSE,159,31,-128
4391236,8,224,194,418,TRUE,14,194,180
4391237,4,203,173,376,TRUE,14,173,159
4391237,8,197,139,336,TRUE,28,139,111
4391238,4,831,966,1797,FALSE,831,67,-764
4391238,8,1139,816,1955,TRUE,161,816,655
4391239,4,0,0,0,FALSE,0,-1,-1
4391239,8,0,0,0,FALSE,0,-1,-1
4391241,4,111,75,186,TRUE,17,75,58
4391241,8,133,58,191,TRUE,37,58,21
4391244,4,525,271,796,TRUE,126,271,145
4391244,8,964,324,1288,TRUE,319,324,5
4391245,4,9,1,10,TRUE,3,1,-2
4391245,8,10,0,10,TRUE,4,0,-4
4391251,4,898,786,1684,TRUE,55,786,731
4391251,8,2146,679,2825,TRUE,733,679,-54
4391255,4,689,912,1601,FALSE,689,111,-578
4391255,8,1033,716,1749,TRUE,158,716,558
4391257,4,524,574,1098,FALSE,524,24,-500
4391257,8,613,447,1060,TRUE,82,447,365
4391264,4,421,901,1322,FALSE,421,239,-182
4391264,8,452,842,1294,FALSE,452,194,-258
4391265,4,680,807,1487,FALSE,680,63,-617
4391265,8,790,648,1438,TRUE,70,648,578
4391270,4,264,268,532,FALSE,264,1,-263
4391270,8,293,236,529,TRUE,28,236,208
4391271,4,178,629,807,FALSE,178,225,47
4391271,8,335,786,1121,FALSE,335,225,-110
4391273,4,291,335,626,FALSE,291,21,-270
4391273,8,302,282,584,TRUE,9,282,273
4391274,4,116,6,122,TRUE,54,6,-48
4391274,8,147,2,149,TRUE,72,2,-70
4391277,4,403,600,1003,FALSE,403,98,-305
4391277,8,416,526,942,FALSE,416,54,-362
4391278,4,377,167,544,TRUE,104,167,63
4391278,8,449,133,582,TRUE,157,133,-24
4391279,4,852,623,1475,TRUE,114,623,509
4391279,8,1074,482,1556,TRUE,295,482,187
4391291,4,1334,83,1417,TRUE,625,83,-542
4391291,8,1502,35,1537,TRUE,733,35,-698
4391292,4,653,398,1051,TRUE,127,398,271
4391292,8,770,297,1067,TRUE,236,297,61
4391293,4,580,166,746,TRUE,206,166,-40
4391293,8,633,148,781,TRUE,242,148,-94
4391294,4,384,1023,1407,FALSE,384,319,-65
4391294,8,499,925,1424,FALSE,499,212,-287
4391295,4,293,205,498,TRUE,43,205,162
4391295,8,327,160,487,TRUE,83,160,77
4391296,4,440,1188,1628,FALSE,440,373,-67
4391296,8,642,1187,1829,FALSE,642,272,-370
4391297,4,1504,84,1588,TRUE,709,84,-625
4391297,8,1750,29,1779,TRUE,860,29,-831
4391298,4,389,403,792,FALSE,389,6,-383
4391298,8,423,363,786,TRUE,29,363,334
4391299,4,90,67,157,TRUE,11,67,56
4391299,8,117,56,173,TRUE,30,56,26
4391300,4,630,685,1315,FALSE,630,27,-603
4391300,8,801,555,1356,TRUE,122,555,433
4391301,4,983,202,1185,TRUE,390,202,-188
4391301,8,1093,131,1224,TRUE,480,131,-349
4391302,4,15,47,62,FALSE,15,15,0
4391302,8,24,64,88,FALSE,24,19,-5
4391311,4,719,369,1088,TRUE,174,369,195
4391311,8,997,269,1266,TRUE,363,269,-94
4391312,4,334,188,522,TRUE,72,188,116
4391312,8,400,151,551,TRUE,124,151,27
4391337,4,308,938,1246,FALSE,308,314,6
4391337,8,426,1165,1591,FALSE,426,369,-57
4391339,4,595,1352,1947,FALSE,595,378,-217
4391339,8,697,1168,1865,FALSE,697,235,-462
4391341,4,224,11,235,TRUE,106,11,-95
4391341,8,270,2,272,TRUE,133,2,-131
4391346,4,598,23,621,TRUE,287,23,-264
4391346,8,707,6,713,TRUE,350,6,-344
4391347,4,611,1211,1822,FALSE,611,299,-312
4391347,8,1411,1614,3025,FALSE,1411,101,-1310
4391348,4,45,102,147,FALSE,45,28,-17
4391348,8,92,220,312,FALSE,92,63,-29
4391349,4,16,28,44,FALSE,16,5,-11
4391349,8,42,41,83,TRUE,0,41,41
4391351,4,0,0,0,FALSE,0,-1,-1
4391351,8,0,0,0,FALSE,0,-1,-1
4391376,4,7,0,7,TRUE,3,0,-3
4391376,8,4,3,7,TRUE,0,3,3
4391377,4,800,1514,2314,FALSE,800,356,-444
4391377,8,1130,1416,2546,FALSE,1130,142,-988
4391378,4,1229,1318,2547,FALSE,1229,44,-1185
4391378,8,2318,1198,3516,TRUE,559,1198,639
4391380,4,475,694,1169,FALSE,475,109,-366
4391380,8,609,585,1194,TRUE,11,585,574
4391388,4,601,578,1179,TRUE,11,578,567
4391388,8,916,572,1488,TRUE,171,572,401
4391408,4,205,149,354,TRUE,27,149,122
4391408,8,187,187,374,FALSE,187,-1,-188
4391415,4,224,82,306,TRUE,70,82,12
4391415,8,286,65,351,TRUE,110,65,-45
4391419,4,0,0,0,FALSE,0,-1,-1
4391419,8,0,0,0,FALSE,0,-1,-1
4391420,4,0,0,0,FALSE,0,-1,-1
4391420,8,0,0,0,FALSE,0,-1,-1
4391423,4,332,1254,1586,FALSE,332,460,128
4391423,8,431,1363,1794,FALSE,431,465,34
4391428,4,82,42,124,TRUE,19,42,23
4391428,8,111,21,132,TRUE,44,21,-23
4391435,4,116,148,264,FALSE,116,15,-101
4391435,8,95,128,223,FALSE,95,16,-79
4391437,4,142,271,413,FALSE,142,64,-78
4391437,8,200,287,487,FALSE,200,43,-157
4391440,4,744,412,1156,TRUE,165,412,247
4391440,8,918,291,1209,TRUE,313,291,-22
4391446,4,0,0,0,FALSE,0,-1,-1
4391446,8,0,3,3,FALSE,0,1,1
4391447,4,1,4,5,FALSE,1,1,0
4391447,8,0,3,3,FALSE,0,1,1
4391459,4,751,654,1405,TRUE,48,654,606
4391459,8,952,465,1417,TRUE,243,465,222
4391460,4,1175,477,1652,TRUE,348,477,129
4391460,8,1351,339,1690,TRUE,505,339,-166
4391463,4,625,362,987,TRUE,131,362,231
4391463,8,615,238,853,TRUE,188,238,50
4391472,4,0,0,0,FALSE,0,-1,-1
4391472,8,0,0,0,FALSE,0,-1,-1
4391473,4,30,28,58,TRUE,0,28,28
4391473,8,26,25,51,TRUE,0,25,25
4391474,4,49,41,90,TRUE,3,41,38
4391474,8,50,36,86,TRUE,6,36,30
4391475,4,66,34,100,TRUE,15,34,19
4391475,8,94,28,122,TRUE,32,28,-4
4391476,4,47,24,71,TRUE,11,24,13
4391476,8,24,20,44,TRUE,1,20,19
4391477,4,378,45,423,TRUE,166,45,-121
4391477,8,461,29,490,TRUE,215,29,-186
4391478,4,91,272,363,FALSE,91,90,-1
4391478,8,80,200,280,FALSE,80,59,-21
4391479,4,108,92,200,TRUE,7,92,85
4391479,8,147,70,217,TRUE,38,70,32
4391480,4,69,317,386,FALSE,69,123,54
4391480,8,101,340,441,FALSE,101,119,18
4391481,4,96,66,162,TRUE,14,66,52
4391481,8,124,60,184,TRUE,31,60,29
4391482,4,240,73,313,TRUE,83,73,-10
4391482,8,248,56,304,TRUE,95,56,-39
4391483,4,3,1,4,TRUE,0,1,1
4391483,8,3,0,3,TRUE,1,0,-1
4391485,4,0,1,1,FALSE,0,0,0
4391485,8,0,3,3,FALSE,0,1,1
4391487,4,0,0,0,FALSE,0,-1,-1
4391487,8,4,1,5,TRUE,1,1,0
4391489,4,601,477,1078,TRUE,61,477,416
4391489,8,1006,439,1445,TRUE,283,439,156
4391490,4,152,110,262,TRUE,20,110,90
4391490,8,190,75,265,TRUE,57,75,18
4391500,4,0,0,0,FALSE,0,-1,-1
4391500,8,0,0,0,FALSE,0,-1,-1
4391502,4,16,12,28,TRUE,1,12,11
4391502,8,17,9,26,TRUE,3,9,6
4391504,4,339,1141,1480,FALSE,339,400,61
4391504,8,363,1237,1600,FALSE,363,436,73
4391514,4,0,0,0,FALSE,0,-1,-1
4391514,8,0,0,0,FALSE,0,-1,-1
4391515,4,9,15,24,FALSE,9,2,-7
4391515,8,8,15,23,FALSE,8,3,-5
4391547,4,0,0,0,FALSE,0,-1,-1
4391547,8,1,0,1,TRUE,0,0,0
4391555,4,8,0,8,TRUE,3,0,-3
4391555,8,12,0,12,TRUE,5,0,-5
4391560,4,0,0,0,FALSE,0,-1,-1
4391560,8,0,0,0,FALSE,0,-1,-1
4391565,4,0,0,0,FALSE,0,-1,-1
4391565,8,0,0,0,FALSE,0,-1,-1
4391567,4,73,30,103,TRUE,21,30,9
4391567,8,66,19,85,TRUE,23,19,-4
4391568,4,14,28,42,FALSE,14,6,-8
4391568,8,19,17,36,TRUE,0,17,17
4391572,4,0,2,2,FALSE,0,0,0
4391572,8,3,1,4,TRUE,0,1,1
4391573,4,10,6,16,TRUE,1,6,5
4391573,8,50,26,76,TRUE,11,26,15
4391592,4,2,3,5,FALSE,2,0,-2
4391592,8,2,1,3,TRUE,0,1,1
4391593,4,0,0,0,FALSE,0,-1,-1
4391593,8,0,0,0,FALSE,0,-1,-1
4391594,4,1,0,1,TRUE,0,0,0
4391594,8,0,0,0,FALSE,0,-1,-1
4391595,4,0,0,0,FALSE,0,-1,-1
4391595,8,0,0,0,FALSE,0,-1,-1
4391596,4,0,0,0,FALSE,0,-1,-1
4391596,8,0,0,0,FALSE,0,-1,-1
4391597,4,156,72,228,TRUE,41,72,31
4391597,8,177,54,231,TRUE,61,54,-7
4391598,4,0,0,0,FALSE,0,-1,-1
4391598,8,0,0,0,FALSE,0,-1,-1
4391600,4,0,0,0,FALSE,0,-1,-1
4391600,8,0,0,0,FALSE,0,-1,-1
4391601,4,0,0,0,FALSE,0,-1,-1
4391601,8,0,0,0,FALSE,0,-1,-1
4391602,4,0,0,0,FALSE,0,-1,-1
4391602,8,9,3,12,TRUE,2,3,1
4391603,4,48,41,89,TRUE,3,41,38
4391603,8,94,58,152,TRUE,17,58,41
4391604,4,0,0,0,FALSE,0,-1,-1
4391604,8,63,26,89,TRUE,18,26,8
4391605,4,0,0,0,FALSE,0,-1,-1
4391605,8,0,0,0,FALSE,0,-1,-1
4391606,4,7,14,21,FALSE,7,3,-4
4391606,8,8,9,17,FALSE,8,0,-8
4391607,4,0,0,0,FALSE,0,-1,-1
4391607,8,0,0,0,FALSE,0,-1,-1
4391615,4,0,0,0,FALSE,0,-1,-1
4391615,8,0,0,0,FALSE,0,-1,-1
4391639,4,230,198,428,TRUE,15,198,183
4391639,8,546,173,719,TRUE,186,173,-13
4391640,4,407,1451,1858,FALSE,407,521,114
4391640,8,751,1767,2518,FALSE,751,507,-244
4391641,4,275,543,818,FALSE,275,133,-142
4391641,8,626,717,1343,FALSE,626,45,-581
4391642,4,33,37,70,FALSE,33,1,-32
4391642,8,67,34,101,TRUE,16,34,18
4392003,4,406,702,1108,FALSE,406,147,-259
4392003,8,410,652,1062,FALSE,410,120,-290
4392007,4,450,1196,1646,FALSE,450,372,-78
4392007,8,555,1145,1700,FALSE,555,294,-261
4392026,4,536,1009,1545,FALSE,536,236,-300
4392026,8,576,854,1430,FALSE,576,138,-438
4392027,4,359,480,839,FALSE,359,60,-299
4392027,8,433,350,783,TRUE,41,350,309
4392028,4,231,647,878,FALSE,231,207,-24
4392028,8,293,628,921,FALSE,293,167,-126
4392029,4,529,1274,1803,FALSE,529,372,-157
4392029,8,647,1497,2144,FALSE,647,424,-223
4392030,4,825,759,1584,TRUE,32,759,727
4392030,8,1351,600,1951,TRUE,375,600,225
4392031,4,130,139,269,FALSE,130,4,-126
4392031,8,1524,715,2239,TRUE,404,715,311
4392033,4,359,910,1269,FALSE,359,275,-84
4392033,8,463,825,1288,FALSE,463,180,-283
4392052,4,634,745,1379,FALSE,634,55,-579
4392052,8,745,596,1341,TRUE,74,596,522
4392055,4,491,988,1479,FALSE,491,248,-243
4392055,8,583,898,1481,FALSE,583,157,-426
4392100,4,353,457,810,FALSE,353,51,-302
4392100,8,339,362,701,FALSE,339,11,-328
4392112,4,389,1028,1417,FALSE,389,319,-70
4392112,8,374,1023,1397,FALSE,374,324,-50
4392143,4,354,696,1050,FALSE,354,170,-184
4392143,8,334,546,880,FALSE,334,105,-229
4392145,4,464,468,932,FALSE,464,1,-463
4392145,8,488,348,836,TRUE,69,348,279
4392147,4,305,620,925,FALSE,305,157,-148
4392147,8,309,532,841,FALSE,309,111,-198
4392148,4,411,481,892,FALSE,411,34,-377
4392148,8,383,290,673,TRUE,46,290,244
4392161,4,432,390,822,TRUE,20,390,370
4392161,8,515,338,853,TRUE,88,338,250
4392168,4,549,583,1132,FALSE,549,16,-533
4392168,8,605,446,1051,TRUE,79,446,367
4392169,4,366,337,703,TRUE,14,337,323
4392169,8,334,224,558,TRUE,54,224,170
4392171,4,654,1446,2100,FALSE,654,395,-259
4392171,8,630,1296,1926,FALSE,630,332,-298
4392173,4,215,599,814,FALSE,215,191,-24
4392173,8,219,585,804,FALSE,219,182,-37
4392174,4,570,1235,1805,FALSE,570,332,-238
4392174,8,677,1042,1719,FALSE,677,182,-495
4392180,4,233,20,253,TRUE,106,20,-86
4392180,8,275,16,291,TRUE,129,16,-113
4392181,4,694,1263,1957,FALSE,694,284,-410
4392181,8,773,1142,1915,FALSE,773,184,-589
4392190,4,717,608,1325,TRUE,54,608,554
4392190,8,871,540,1411,TRUE,165,540,375
4392205,4,561,1273,1834,FALSE,561,355,-206
4392205,8,556,1169,1725,FALSE,556,306,-250
4392210,4,203,264,467,FALSE,203,30,-173
4392210,8,177,216,393,FALSE,177,19,-158
4392217,4,563,712,1275,FALSE,563,74,-489
4392217,8,754,573,1327,TRUE,90,573,483
4392219,4,538,1118,1656,FALSE,538,289,-249
4392219,8,714,1047,1761,FALSE,714,166,-548
4392220,4,524,1389,1913,FALSE,524,432,-92
4392220,8,625,1300,1925,FALSE,625,337,-288
4392221,4,197,500,697,FALSE,197,151,-46
4392221,8,1250,1591,2841,FALSE,1250,170,-1080
4392223,4,311,1111,1422,FALSE,311,399,88
4392223,8,352,1038,1390,FALSE,352,342,-10
4392224,4,488,695,1183,FALSE,488,103,-385
4392224,8,671,538,1209,TRUE,66,538,472
4392225,4,464,366,830,TRUE,48,366,318
4392225,8,628,281,909,TRUE,173,281,108
4392226,4,414,352,766,TRUE,30,352,322
4392226,8,533,310,843,TRUE,111,310,199
4392228,4,454,1255,1709,FALSE,454,400,-54
4392228,8,525,1144,1669,FALSE,525,309,-216
4392229,4,550,1029,1579,FALSE,550,239,-311
4392229,8,634,888,1522,FALSE,634,126,-508
4392235,4,541,698,1239,FALSE,541,78,-463
4392235,8,585,522,1107,TRUE,31,522,491
4392246,4,245,738,983,FALSE,245,246,1
4392246,8,296,636,932,FALSE,296,169,-127
4392258,4,104,254,358,FALSE,104,74,-30
4392258,8,117,253,370,FALSE,117,67,-50
4392262,4,183,413,596,FALSE,183,114,-69
4392262,8,187,455,642,FALSE,187,133,-54
4392263,4,596,679,1275,FALSE,596,41,-555
4392263,8,587,516,1103,TRUE,35,516,481
4392266,4,675,1566,2241,FALSE,675,445,-230
4392266,8,755,1461,2216,FALSE,755,352,-403
4392267,4,626,742,1368,FALSE,626,57,-569
4392267,8,783,560,1343,TRUE,111,560,449
4392268,4,358,485,843,FALSE,358,63,-295
4392268,8,386,382,768,TRUE,1,382,381
4392269,4,422,467,889,FALSE,422,22,-400
4392269,8,410,366,776,TRUE,21,366,345
4392275,4,238,303,541,FALSE,238,32,-206
4392275,8,296,223,519,TRUE,36,223,187
4392280,4,552,1072,1624,FALSE,552,259,-293
4392280,8,651,961,1612,FALSE,651,154,-497
4392281,4,338,660,998,FALSE,338,160,-178
4392281,8,418,567,985,FALSE,418,74,-344
4392303,4,351,934,1285,FALSE,351,291,-60
4392303,8,382,802,1184,FALSE,382,209,-173
4392304,4,371,1223,1594,FALSE,371,425,54
4392304,8,469,1155,1624,FALSE,469,342,-127
4392305,4,502,1011,1513,FALSE,502,254,-248
4392305,8,698,972,1670,FALSE,698,136,-562
4392306,4,379,1152,1531,FALSE,379,386,7
4392306,8,462,1026,1488,FALSE,462,281,-181
4392307,4,627,1702,2329,FALSE,627,537,-90
4392307,8,945,1649,2594,FALSE,945,351,-594
4392308,4,328,646,974,FALSE,328,158,-170
4392308,8,580,819,1399,FALSE,580,119,-461
4392309,4,264,384,648,FALSE,264,59,-205
4392309,8,282,297,579,FALSE,282,7,-275
4392310,4,448,822,1270,FALSE,448,186,-262
4392310,8,566,764,1330,FALSE,566,98,-468
4392313,4,464,1237,1701,FALSE,464,386,-78
4392313,8,544,1156,1700,FALSE,544,305,-239
4392314,4,713,1621,2334,FALSE,713,453,-260
4392314,8,798,1662,2460,FALSE,798,431,-367
4392315,4,476,547,1023,FALSE,476,35,-441
4392315,8,710,435,1145,TRUE,137,435,298
4392316,4,416,742,1158,FALSE,416,162,-254
4392316,8,590,630,1220,FALSE,590,19,-571
4392317,4,311,701,1012,FALSE,311,194,-117
4392317,8,317,626,943,FALSE,317,154,-163
4392318,4,359,934,1293,FALSE,359,287,-72
4392318,8,400,812,1212,FALSE,400,205,-195
4392319,4,507,1181,1688,FALSE,507,336,-171
4392319,8,609,1107,1716,FALSE,609,248,-361
4392320,4,988,875,1863,TRUE,56,875,819
4392320,8,1432,626,2058,TRUE,402,626,224
4392352,4,630,1302,1932,FALSE,630,335,-295
4392352,8,743,1155,1898,FALSE,743,205,-538
4392353,4,375,416,791,FALSE,375,20,-355
4392353,8,453,329,782,TRUE,61,329,268
4392354,4,710,773,1483,FALSE,710,31,-679
4392354,8,879,622,1501,TRUE,128,622,494
4392355,4,171,489,660,FALSE,171,158,-13
4392355,8,291,601,892,FALSE,291,154,-137
4392356,4,718,1280,1998,FALSE,718,280,-438
4392356,8,896,1129,2025,FALSE,896,116,-780
4392357,4,292,985,1277,FALSE,292,346,54
4392357,8,484,1133,1617,FALSE,484,324,-160
4392358,4,497,1259,1756,FALSE,497,380,-117
4392358,8,586,1151,1737,FALSE,586,282,-304
4392360,4,501,1741,2242,FALSE,501,619,118
4392360,8,1606,2621,4227,FALSE,1606,507,-1099
4392379,4,115,155,270,FALSE,115,19,-96
4392379,8,619,419,1038,TRUE,99,419,320
4392381,4,889,714,1603,TRUE,87,714,627
4392381,8,1307,621,1928,TRUE,342,621,279
4392383,4,701,850,1551,FALSE,701,74,-627
4392383,8,868,635,1503,TRUE,116,635,519
4392393,4,410,461,871,FALSE,410,25,-385
4392393,8,424,380,804,TRUE,21,380,359
4392401,4,61,118,179,FALSE,61,28,-33
4392401,8,63,131,194,FALSE,63,33,-30
4392402,4,4,10,14,FALSE,4,2,-2
4392402,8,17,7,24,TRUE,4,7,3
4392403,4,4,0,4,TRUE,1,0,-1
4392403,8,9,3,12,TRUE,2,3,1
4392405,4,852,920,1772,FALSE,852,33,-819
4392405,8,1567,945,2512,TRUE,310,945,635
4392411,4,105,79,184,TRUE,12,79,67
4392411,8,134,60,194,TRUE,36,60,24
4392412,4,45,32,77,TRUE,6,32,26
4392412,8,164,30,194,TRUE,66,30,-36
4392413,4,121,139,260,FALSE,121,8,-113
4392413,8,162,106,268,TRUE,27,106,79
4392425,4,460,772,1232,FALSE,460,155,-305
4392425,8,733,696,1429,TRUE,18,696,678
4392426,4,375,1293,1668,FALSE,375,458,83
4392426,8,535,1189,1724,FALSE,535,326,-209
4392427,4,25,7,32,TRUE,8,7,-1
4392427,8,26,2,28,TRUE,11,2,-9
4392431,4,2,1,3,TRUE,0,1,1
4392431,8,3,2,5,TRUE,0,2,2
4392438,4,621,644,1265,FALSE,621,11,-610
4392438,8,912,596,1508,TRUE,157,596,439
4392439,4,38,40,78,FALSE,38,0,-38
4392439,8,55,40,95,TRUE,7,40,33
4392444,4,0,0,0,FALSE,0,-1,-1
4392444,8,0,0,0,FALSE,0,-1,-1
4392448,4,771,841,1612,FALSE,771,34,-737
4392448,8,1141,735,1876,TRUE,202,735,533
4392449,4,633,659,1292,FALSE,633,12,-621
4392449,8,771,537,1308,TRUE,116,537,421
4392450,4,562,603,1165,FALSE,562,20,-542
4392450,8,902,555,1457,TRUE,173,555,382
4392451,4,46,42,88,TRUE,1,42,41
4392451,8,84,22,106,TRUE,30,22,-8
4392453,4,5,6,11,FALSE,5,0,-5
4392453,8,300,186,486,TRUE,56,186,130
4392461,4,738,478,1216,TRUE,129,478,349
4392461,8,935,342,1277,TRUE,296,342,46
4392462,4,474,605,1079,FALSE,474,65,-409
4392462,8,661,457,1118,TRUE,101,457,356
4392464,4,74,231,305,FALSE,74,78,4
4392464,8,106,226,332,FALSE,106,59,-47
4392466,4,350,417,767,FALSE,350,33,-317
4392466,8,476,284,760,TRUE,95,284,189
4392467,4,745,821,1566,FALSE,745,37,-708
4392467,8,978,652,1630,TRUE,162,652,490
4392468,4,515,1031,1546,FALSE,515,257,-258
4392468,8,646,972,1618,FALSE,646,162,-484
4392484,4,363,285,648,TRUE,38,285,247
4392484,8,642,284,926,TRUE,178,284,106
4392488,4,796,902,1698,FALSE,796,52,-744
4392488,8,1317,926,2243,TRUE,195,926,731
4392505,4,272,870,1142,FALSE,272,298,26
4392505,8,362,789,1151,FALSE,362,213,-149
4392506,4,521,1120,1641,FALSE,521,299,-222
4392506,8,673,1028,1701,FALSE,673,177,-496
4392513,4,22,23,45,FALSE,22,0,-22
4392513,8,28,18,46,TRUE,4,18,14
4392519,4,296,427,723,FALSE,296,65,-231
4392519,8,368,291,659,TRUE,38,291,253
4392520,4,444,827,1271,FALSE,444,191,-253
4392520,8,546,738,1284,FALSE,546,95,-451
4392521,4,303,590,893,FALSE,303,143,-160
4392521,8,329,535,864,FALSE,329,102,-227
4392522,4,506,1261,1767,FALSE,506,377,-129
4392522,8,720,1281,2001,FALSE,720,280,-440
4392523,4,459,530,989,FALSE,459,35,-424
4392523,8,605,393,998,TRUE,105,393,288
4392524,4,278,1405,1683,FALSE,278,563,285
4392524,8,346,1382,1728,FALSE,346,517,171
4392525,4,805,742,1547,TRUE,31,742,711
4392525,8,1192,588,1780,TRUE,301,588,287
4392535,4,277,788,1065,FALSE,277,255,-22
4392535,8,349,799,1148,FALSE,349,224,-125
4392536,4,506,846,1352,FALSE,506,169,-337
4392536,8,563,691,1254,FALSE,563,63,-500
4392537,4,544,493,1037,TRUE,25,493,468
4392537,8,709,343,1052,TRUE,182,343,161
4392541,4,624,765,1389,FALSE,624,70,-554
4392541,8,1064,695,1759,TRUE,184,695,511
4392544,4,1,0,1,TRUE,0,0,0
4392544,8,0,0,0,FALSE,0,-1,-1
4392546,4,5,4,9,TRUE,0,4,4
4392546,8,21,4,25,TRUE,8,4,-4
4392548,4,219,792,1011,FALSE,219,286,67
4392548,8,278,795,1073,FALSE,278,258,-20
4392550,4,0,0,0,FALSE,0,-1,-1
4392550,8,0,0,0,FALSE,0,-1,-1
4392553,4,377,438,815,FALSE,377,30,-347
4392553,8,502,376,878,TRUE,62,376,314
4392556,4,434,993,1427,FALSE,434,279,-155
4392556,8,479,905,1384,FALSE,479,212,-267
4392557,4,276,736,1012,FALSE,276,229,-47
4392557,8,589,907,1496,FALSE,589,158,-431
4392569,4,262,151,413,TRUE,55,151,96
4392569,8,315,126,441,TRUE,94,126,32
4392571,4,1,0,1,TRUE,0,0,0
4392571,8,1,0,1,TRUE,0,0,0
4392581,4,567,879,1446,FALSE,567,155,-412
4392581,8,788,675,1463,TRUE,56,675,619
4392608,4,10,9,19,TRUE,0,9,9
4392608,8,151,55,206,TRUE,47,55,8
4392609,4,0,0,0,FALSE,0,-1,-1
4392609,8,0,0,0,FALSE,0,-1,-1
4392610,4,0,0,0,FALSE,0,-1,-1
4392610,8,0,0,0,FALSE,0,-1,-1
4392611,4,0,0,0,FALSE,0,-1,-1
4392611,8,0,0,0,FALSE,0,-1,-1
4392612,4,0,0,0,FALSE,0,-1,-1
4392612,8,0,0,0,FALSE,0,-1,-1
4392613,4,199,128,327,TRUE,35,128,93
4392613,8,275,119,394,TRUE,77,119,42
4392614,4,1,7,8,FALSE,1,2,1
4392614,8,3,11,14,FALSE,3,3,0
4392616,4,0,0,0,FALSE,0,-1,-1
4392616,8,0,0,0,FALSE,0,-1,-1
4392617,4,0,0,0,FALSE,0,-1,-1
4392617,8,0,0,0,FALSE,0,-1,-1
4392618,4,0,0,0,FALSE,0,-1,-1
4392618,8,0,0,0,FALSE,0,-1,-1
4392619,4,0,0,0,FALSE,0,-1,-1
4392619,8,0,0,0,FALSE,0,-1,-1
4392635,4,1120,1195,2315,FALSE,1120,37,-1083
4392635,8,1427,940,2367,TRUE,243,940,697
4392636,4,659,1630,2289,FALSE,659,485,-174
4392636,8,500,935,1435,FALSE,500,217,-283
4392643,4,33,121,154,FALSE,33,43,10
4392643,8,113,185,298,FALSE,113,35,-78
4392644,4,293,392,685,FALSE,293,49,-244
4392644,8,1570,1063,2633,TRUE,253,1063,810
4392645,4,311,831,1142,FALSE,311,259,-52
4392645,8,666,1030,1696,FALSE,666,181,-485
4393032,4,300,753,1053,FALSE,300,226,-74
4393032,8,298,688,986,FALSE,298,194,-104
4393035,4,590,1768,2358,FALSE,590,588,-2
4393035,8,780,1776,2556,FALSE,780,497,-283
4393036,4,438,779,1217,FALSE,438,170,-268
4393036,8,521,676,1197,FALSE,521,77,-444
4393037,4,488,1499,1987,FALSE,488,505,17
4393037,8,610,1381,1991,FALSE,610,385,-225
4393038,4,496,1364,1860,FALSE,496,433,-63
4393038,8,677,1220,1897,FALSE,677,271,-406
4393039,4,309,1250,1559,FALSE,309,470,161
4393039,8,501,1473,1974,FALSE,501,485,-16
4393040,4,217,756,973,FALSE,217,269,52
4393040,8,292,789,1081,FALSE,292,248,-44
4393041,4,446,979,1425,FALSE,446,266,-180
4393041,8,532,824,1356,FALSE,532,145,-387
4393043,4,75,348,423,FALSE,75,136,61
4393043,8,655,1434,2089,FALSE,655,389,-266
4393049,4,416,1661,2077,FALSE,416,622,206
4393049,8,413,1278,1691,FALSE,413,432,19
4393054,4,541,1515,2056,FALSE,541,486,-55
4393054,8,711,1672,2383,FALSE,711,480,-231
4393063,4,542,1681,2223,FALSE,542,569,27
4393063,8,697,1617,2314,FALSE,697,459,-238
4393072,4,320,1236,1556,FALSE,320,457,137
4393072,8,474,1358,1832,FALSE,474,441,-33
4393114,4,442,955,1397,FALSE,442,256,-186
4393114,8,535,987,1522,FALSE,535,225,-310
4393131,4,402,886,1288,FALSE,402,241,-161
4393131,8,375,752,1127,FALSE,375,188,-187
4393139,4,278,550,828,FALSE,278,135,-143
4393139,8,325,444,769,FALSE,325,59,-266
4393140,4,377,950,1327,FALSE,377,286,-91
4393140,8,374,863,1237,FALSE,374,244,-130
4393156,4,338,1072,1410,FALSE,338,366,28
4393156,8,354,950,1304,FALSE,354,297,-57
4393157,4,533,1019,1552,FALSE,533,242,-291
4393157,8,628,859,1487,FALSE,628,115,-513
4393158,4,385,937,1322,FALSE,385,275,-110
4393158,8,586,963,1549,FALSE,586,188,-398
4393160,4,540,794,1334,FALSE,540,126,-414
4393160,8,603,747,1350,FALSE,603,71,-532
4393164,4,460,809,1269,FALSE,460,174,-286
4393164,8,490,777,1267,FALSE,490,143,-347
4393166,4,524,832,1356,FALSE,524,153,-371
4393166,8,615,670,1285,FALSE,615,27,-588
4393172,4,563,1170,1733,FALSE,563,303,-260
4393172,8,668,1096,1764,FALSE,668,213,-455
4393176,4,607,1310,1917,FALSE,607,351,-256
4393176,8,761,1270,2031,FALSE,761,254,-507
4393177,4,266,987,1253,FALSE,266,360,94
4393177,8,317,931,1248,FALSE,317,306,-11
4393183,4,467,1013,1480,FALSE,467,272,-195
4393183,8,669,1083,1752,FALSE,669,206,-463
4393187,4,287,695,982,FALSE,287,203,-84
4393187,8,356,653,1009,FALSE,356,148,-208
4393192,4,114,458,572,FALSE,114,171,57
4393192,8,115,426,541,FALSE,115,155,40
4393193,4,325,1194,1519,FALSE,325,434,109
4393193,8,447,1386,1833,FALSE,447,469,22
4393194,4,431,934,1365,FALSE,431,251,-180
4393194,8,482,824,1306,FALSE,482,170,-312
4393196,4,386,1065,1451,FALSE,386,339,-47
4393196,8,479,1060,1539,FALSE,479,290,-189
4393197,4,840,1651,2491,FALSE,840,405,-435
4393197,8,1435,1710,3145,FALSE,1435,137,-1298
4393199,4,83,173,256,FALSE,83,44,-39
4393199,8,118,192,310,FALSE,118,36,-82
4393200,4,492,1193,1685,FALSE,492,350,-142
4393200,8,626,1087,1713,FALSE,626,230,-396
4393209,4,285,1173,1458,FALSE,285,443,158
4393209,8,617,1945,2562,FALSE,617,663,46
4393212,4,504,1048,1552,FALSE,504,271,-233
4393212,8,696,983,1679,FALSE,696,143,-553
4393213,4,411,836,1247,FALSE,411,212,-199
4393213,8,420,751,1171,FALSE,420,165,-255
4393214,4,385,1109,1494,FALSE,385,361,-24
4393214,8,564,1144,1708,FALSE,564,289,-275
4393215,4,277,884,1161,FALSE,277,303,26
4393215,8,323,835,1158,FALSE,323,255,-68
4393216,4,478,1074,1552,FALSE,478,297,-181
4393216,8,815,1297,2112,FALSE,815,240,-575
4393234,4,524,1577,2101,FALSE,524,526,2
4393234,8,688,1457,2145,FALSE,688,384,-304
4393240,4,184,519,703,FALSE,184,167,-17
4393240,8,518,975,1493,FALSE,518,228,-290
4393247,4,371,605,976,FALSE,371,116,-255
4393247,8,525,569,1094,FALSE,525,21,-504
4393248,4,666,2125,2791,FALSE,666,729,63
4393248,8,895,2198,3093,FALSE,895,651,-244
4393249,4,628,1224,1852,FALSE,628,297,-331
4393249,8,843,1295,2138,FALSE,843,225,-618
4393254,4,502,1023,1525,FALSE,502,260,-242
4393254,8,627,847,1474,FALSE,627,109,-518
4393260,4,326,869,1195,FALSE,326,271,-55
4393260,8,318,790,1108,FALSE,318,235,-83
4393282,4,362,963,1325,FALSE,362,300,-62
4393282,8,379,878,1257,FALSE,379,249,-130
4393283,4,353,883,1236,FALSE,353,264,-89
4393283,8,384,817,1201,FALSE,384,216,-168
4393286,4,201,835,1036,FALSE,201,316,115
4393286,8,328,1226,1554,FALSE,328,448,120
4393287,4,378,1222,1600,FALSE,378,421,43
4393287,8,494,1062,1556,FALSE,494,283,-211
4393289,4,499,1132,1631,FALSE,499,316,-183
4393289,8,605,1025,1630,FALSE,605,209,-396
4393321,4,638,1594,2232,FALSE,638,477,-161
4393321,8,909,1643,2552,FALSE,909,366,-543
4393322,4,433,1110,1543,FALSE,433,338,-95
4393322,8,554,1121,1675,FALSE,554,283,-271
4393323,4,468,1739,2207,FALSE,468,635,167
4393323,8,624,1751,2375,FALSE,624,563,-61
4393324,4,399,1146,1545,FALSE,399,373,-26
4393324,8,471,1064,1535,FALSE,471,296,-175
4393325,4,249,517,766,FALSE,249,133,-116
4393325,8,218,468,686,FALSE,218,124,-94
4393326,4,173,383,556,FALSE,173,104,-69
4393326,8,214,333,547,FALSE,214,59,-155
4393327,4,343,934,1277,FALSE,343,295,-48
4393327,8,386,877,1263,FALSE,386,245,-141
4393329,4,547,870,1417,FALSE,547,161,-386
4393329,8,699,803,1502,FALSE,699,51,-648
4393330,4,160,638,798,FALSE,160,238,78
4393330,8,236,671,907,FALSE,236,217,-19
4393331,4,345,1675,2020,FALSE,345,664,319
4393331,8,521,1937,2458,FALSE,521,707,186
4393332,4,588,1174,1762,FALSE,588,292,-296
4393332,8,571,837,1408,FALSE,571,132,-439
4393333,4,602,1255,1857,FALSE,602,326,-276
4393333,8,948,1583,2531,FALSE,948,317,-631
4393334,4,415,868,1283,FALSE,415,226,-189
4393334,8,535,797,1332,FALSE,535,130,-405
4393335,4,427,1100,1527,FALSE,427,336,-91
4393335,8,495,1069,1564,FALSE,495,286,-209
4393336,4,462,686,1148,FALSE,462,111,-351
4393336,8,636,710,1346,FALSE,636,36,-600
4393359,4,342,1310,1652,FALSE,342,483,141
4393359,8,469,1223,1692,FALSE,469,376,-93
4393361,4,333,1003,1336,FALSE,333,334,1
4393361,8,536,1065,1601,FALSE,536,264,-272
4393363,4,289,1352,1641,FALSE,289,531,242
4393363,8,558,1883,2441,FALSE,558,662,104
4393364,4,102,225,327,FALSE,102,61,-41
4393364,8,180,267,447,FALSE,180,43,-137
4393365,4,352,1478,1830,FALSE,352,562,210
4393365,8,569,1838,2407,FALSE,569,634,65
4393366,4,0,0,0,FALSE,0,-1,-1
4393366,8,0,5,5,FALSE,0,2,2
4393367,4,23,120,143,FALSE,23,48,25
4393367,8,36,117,153,FALSE,36,40,4
4393368,4,173,462,635,FALSE,173,144,-29
4393368,8,163,446,609,FALSE,163,141,-22
4393372,4,500,1891,2391,FALSE,500,695,195
4393372,8,1177,2224,3401,FALSE,1177,523,-654
4393382,4,224,307,531,FALSE,224,41,-183
4393382,8,655,341,996,TRUE,156,341,185
4393384,4,333,727,1060,FALSE,333,196,-137
4393384,8,405,685,1090,FALSE,405,139,-266
4393385,4,503,1568,2071,FALSE,503,532,29
4393385,8,605,1509,2114,FALSE,605,451,-154
4393386,4,535,1900,2435,FALSE,535,682,147
4393386,8,807,2162,2969,FALSE,807,677,-130
4393387,4,338,1227,1565,FALSE,338,444,106
4393387,8,392,1156,1548,FALSE,392,381,-11
4393389,4,735,1533,2268,FALSE,735,398,-337
4393389,8,991,1325,2316,FALSE,991,166,-825
4393390,4,485,1959,2444,FALSE,485,736,251
4393390,8,647,1949,2596,FALSE,647,650,3
4393391,4,530,910,1440,FALSE,530,189,-341
4393391,8,778,784,1562,FALSE,778,2,-776
4393392,4,346,1279,1625,FALSE,346,466,120
4393392,8,475,1295,1770,FALSE,475,409,-66
4393396,4,599,1799,2398,FALSE,599,599,0
4393396,8,850,1638,2488,FALSE,850,393,-457
4393398,4,306,745,1051,FALSE,306,219,-87
4393398,8,385,679,1064,FALSE,385,146,-239
4393399,4,35,106,141,FALSE,35,35,0
4393399,8,32,108,140,FALSE,32,37,5
4393404,4,145,212,357,FALSE,145,33,-112
4393404,8,104,101,205,TRUE,1,101,100
4393406,4,0,1,1,FALSE,0,0,0
4393406,8,0,0,0,FALSE,0,-1,-1
4393407,4,8,14,22,FALSE,8,2,-6
4393407,8,14,19,33,FALSE,14,2,-12
4393409,4,20,19,39,TRUE,0,19,19
4393409,8,12,18,30,FALSE,12,2,-10
4393414,4,31,78,109,FALSE,31,23,-8
4393414,8,18,25,43,FALSE,18,3,-15
4393416,4,28,50,78,FALSE,28,10,-18
4393416,8,26,36,62,FALSE,26,4,-22
4393417,4,25,78,103,FALSE,25,26,1
4393417,8,176,283,459,FALSE,176,53,-123
4393421,4,195,655,850,FALSE,195,229,34
4393421,8,217,696,913,FALSE,217,239,22
4393422,4,303,1176,1479,FALSE,303,436,133
4393422,8,408,1455,1863,FALSE,408,523,115
4393424,4,108,496,604,FALSE,108,193,85
4393424,8,102,442,544,FALSE,102,169,67
4393430,4,3,5,8,FALSE,3,0,-3
4393430,8,4,2,6,TRUE,0,2,2
4393433,4,67,218,285,FALSE,67,75,8
4393433,8,78,205,283,FALSE,78,63,-15
4393441,4,39,38,77,TRUE,0,38,38
4393441,8,137,47,184,TRUE,44,47,3
4393442,4,183,149,332,TRUE,16,149,133
4393442,8,251,96,347,TRUE,77,96,19
4393443,4,489,1109,1598,FALSE,489,309,-180
4393443,8,586,1056,1642,FALSE,586,234,-352
4393445,4,3,4,7,FALSE,3,0,-3
4393445,8,7,5,12,TRUE,0,5,5
4393455,4,350,219,569,TRUE,65,219,154
4393455,8,470,216,686,TRUE,126,216,90
4393457,4,0,0,0,FALSE,0,-1,-1
4393457,8,0,0,0,FALSE,0,-1,-1
4393465,4,461,1310,1771,FALSE,461,424,-37
4393465,8,1145,2058,3203,FALSE,1145,456,-689
4393469,4,237,599,836,FALSE,237,180,-57
4393469,8,311,626,937,FALSE,311,157,-154
4393470,4,20,59,79,FALSE,20,19,-1
4393470,8,23,52,75,FALSE,23,14,-9
4393471,4,177,769,946,FALSE,177,295,118
4393471,8,285,898,1183,FALSE,285,306,21
4393486,4,75,285,360,FALSE,75,104,29
4393486,8,745,1492,2237,FALSE,745,373,-372
4393491,4,5,7,12,FALSE,5,0,-5
4393491,8,40,46,86,FALSE,40,2,-38
4393507,4,459,1078,1537,FALSE,459,309,-150
4393507,8,552,963,1515,FALSE,552,205,-347
4393509,4,342,923,1265,FALSE,342,290,-52
4393509,8,430,859,1289,FALSE,430,214,-216
4393510,4,470,1739,2209,FALSE,470,634,164
4393510,8,523,1693,2216,FALSE,523,584,61
4393511,4,521,887,1408,FALSE,521,182,-339
4393511,8,904,848,1752,TRUE,27,848,821
4393516,4,355,1142,1497,FALSE,355,393,38
4393516,8,401,1090,1491,FALSE,401,344,-57
4393517,4,426,806,1232,FALSE,426,189,-237
4393517,8,594,790,1384,FALSE,594,97,-497
4393526,4,164,648,812,FALSE,164,241,77
4393526,8,219,638,857,FALSE,219,209,-10
4393527,4,379,1109,1488,FALSE,379,364,-15
4393527,8,454,1099,1553,FALSE,454,322,-132
4393529,4,242,1033,1275,FALSE,242,395,153
4393529,8,364,1068,1432,FALSE,364,351,-13
4393530,4,353,1070,1423,FALSE,353,358,5
4393530,8,510,1072,1582,FALSE,510,280,-230
4393538,4,180,753,933,FALSE,180,286,106
4393538,8,289,791,1080,FALSE,289,250,-39
4393539,4,2,6,8,FALSE,2,1,-1
4393539,8,1,4,5,FALSE,1,1,0
4393542,4,422,1080,1502,FALSE,422,328,-94
4393542,8,551,1072,1623,FALSE,551,260,-291
4393543,4,268,764,1032,FALSE,268,247,-21
4393543,8,335,720,1055,FALSE,335,192,-143
4393545,4,351,1272,1623,FALSE,351,460,109
4393545,8,443,1300,1743,FALSE,443,428,-15
4393549,4,38,120,158,FALSE,38,40,2
4393549,8,50,119,169,FALSE,50,34,-16
4393552,4,64,185,249,FALSE,64,60,-4
4393552,8,990,1675,2665,FALSE,990,342,-648
4393554,4,368,1431,1799,FALSE,368,531,163
4393554,8,504,1489,1993,FALSE,504,492,-12
4393558,4,454,1758,2212,FALSE,454,651,197
4393558,8,620,1750,2370,FALSE,620,564,-56
4393559,4,210,1047,1257,FALSE,210,418,208
4393559,8,320,1067,1387,FALSE,320,373,53
4393561,4,2,1,3,TRUE,0,1,1
4393561,8,0,0,0,FALSE,0,-1,-1
4393562,4,18,63,81,FALSE,18,22,4
4393562,8,17,60,77,FALSE,17,21,4
4393564,4,0,0,0,FALSE,0,-1,-1
4393564,8,0,0,0,FALSE,0,-1,-1
4393566,4,0,0,0,FALSE,0,-1,-1
4393566,8,0,0,0,FALSE,0,-1,-1
4393570,4,225,799,1024,FALSE,225,286,61
4393570,8,486,928,1414,FALSE,486,220,-266
4393574,4,80,224,304,FALSE,80,71,-9
4393574,8,0,3,3,FALSE,0,1,1
4393575,4,0,0,0,FALSE,0,-1,-1
4393575,8,0,0,0,FALSE,0,-1,-1
4393576,4,0,0,0,FALSE,0,-1,-1
4393576,8,0,0,0,FALSE,0,-1,-1
4393579,4,108,398,506,FALSE,108,144,36
4393579,8,141,435,576,FALSE,141,146,5
4393580,4,0,0,0,FALSE,0,-1,-1
4393580,8,0,0,0,FALSE,0,-1,-1
4393582,4,1,13,14,FALSE,1,5,4
4393582,8,0,0,0,FALSE,0,-1,-1
4393583,4,0,0,0,FALSE,0,-1,-1
4393583,8,0,0,0,FALSE,0,-1,-1
4393584,4,0,0,0,FALSE,0,-1,-1
4393584,8,0,0,0,FALSE,0,-1,-1
4393585,4,0,0,0,FALSE,0,-1,-1
4393585,8,0,0,0,FALSE,0,-1,-1
4393586,4,0,0,0,FALSE,0,-1,-1
4393586,8,0,1,1,FALSE,0,0,0
4393588,4,616,1745,2361,FALSE,616,564,-52
4393588,8,943,1653,2596,FALSE,943,354,-589
4393589,4,0,0,0,FALSE,0,-1,-1
4393589,8,0,0,0,FALSE,0,-1,-1
4393590,4,0,0,0,FALSE,0,-1,-1
4393590,8,0,0,0,FALSE,0,-1,-1
4393599,4,2,4,6,FALSE,2,0,-2
4393599,8,264,418,682,FALSE,264,76,-188
4393621,4,0,0,0,FALSE,0,-1,-1
4393621,8,0,0,0,FALSE,0,-1,-1
4393623,4,34,108,142,FALSE,34,36,2
4393623,8,26,113,139,FALSE,26,43,17
4393624,4,14,82,96,FALSE,14,33,19
4393624,8,30,94,124,FALSE,30,31,1
4393625,4,0,0,0,FALSE,0,-1,-1
4393625,8,0,0,0,FALSE,0,-1,-1
4393626,4,43,121,164,FALSE,43,38,-5
4393626,8,67,164,231,FALSE,67,48,-19
4393627,4,1,0,1,TRUE,0,0,0
4393627,8,14,6,20,TRUE,3,6,3
4393628,4,0,0,0,FALSE,0,-1,-1
4393628,8,0,0,0,FALSE,0,-1,-1
4393631,4,0,0,0,FALSE,0,-1,-1
4393631,8,0,0,0,FALSE,0,-1,-1
4393633,4,6,5,11,TRUE,0,5,5
4393633,8,4,9,13,FALSE,4,2,-2
4393634,4,3,13,16,FALSE,3,4,1
4393634,8,7,15,22,FALSE,7,3,-4
4393637,4,345,981,1326,FALSE,345,317,-28
4393637,8,950,1663,2613,FALSE,950,356,-594
4393646,4,59,232,291,FALSE,59,86,27
4393646,8,141,266,407,FALSE,141,62,-79
4393647,4,8,25,33,FALSE,8,8,0
4393647,8,27,50,77,FALSE,27,11,-16
4393648,4,67,263,330,FALSE,67,97,30
4393648,8,662,1326,1988,FALSE,662,331,-331
4394006,4,130,54,184,TRUE,37,54,17
4394006,8,206,43,249,TRUE,81,43,-38
4394016,4,449,566,1015,FALSE,449,58,-391
4394016,8,508,534,1042,FALSE,508,12,-496
4394017,4,585,310,895,TRUE,137,310,173
4394017,8,833,330,1163,TRUE,251,330,79
4394018,4,248,507,755,FALSE,248,129,-119
4394018,8,231,457,688,FALSE,231,112,-119
4394020,4,374,647,1021,FALSE,374,136,-238
4394020,8,372,529,901,FALSE,372,78,-294
4394042,4,293,474,767,FALSE,293,90,-203
4394042,8,268,446,714,FALSE,268,88,-180
4394044,4,329,1312,1641,FALSE,329,491,162
4394044,8,537,1724,2261,FALSE,537,593,56
4394045,4,410,1486,1896,FALSE,410,537,127
4394045,8,450,1441,1891,FALSE,450,495,45
4394046,4,492,1526,2018,FALSE,492,516,24
4394046,8,553,1591,2144,FALSE,553,518,-35
4394047,4,348,974,1322,FALSE,348,312,-36
4394047,8,340,1042,1382,FALSE,340,350,10
4394048,4,207,67,274,TRUE,69,67,-2
4394048,8,223,57,280,TRUE,82,57,-25
4394050,4,457,105,562,TRUE,175,105,-70
4394050,8,526,73,599,TRUE,226,73,-153
4394051,4,74,42,116,TRUE,15,42,27
4394051,8,67,39,106,TRUE,13,39,26
4394053,4,205,424,629,FALSE,205,109,-96
4394053,8,215,430,645,FALSE,215,107,-108
4394057,4,227,407,634,FALSE,227,89,-138
4394057,8,300,376,676,FALSE,300,37,-263
4394060,4,418,286,704,TRUE,65,286,221
4394060,8,574,321,895,TRUE,126,321,195
4394064,4,0,0,0,FALSE,0,-1,-1
4394064,8,0,2,2,FALSE,0,0,0
4394065,4,261,852,1113,FALSE,261,295,34
4394065,8,395,1237,1632,FALSE,395,420,25
4394067,4,435,216,651,TRUE,109,216,107
4394067,8,489,147,636,TRUE,170,147,-23
4394068,4,325,182,507,TRUE,71,182,111
4394068,8,405,134,539,TRUE,135,134,-1
4394069,4,530,1226,1756,FALSE,530,347,-183
4394069,8,807,1277,2084,FALSE,807,234,-573
4394070,4,633,973,1606,FALSE,633,169,-464
4394070,8,699,893,1592,FALSE,699,96,-603
4394071,4,560,737,1297,FALSE,560,88,-472
4394071,8,816,527,1343,TRUE,144,527,383
4394077,4,193,191,384,TRUE,0,191,191
4394077,8,248,157,405,TRUE,45,157,112
4394084,4,90,56,146,TRUE,16,56,40
4394084,8,108,51,159,TRUE,28,51,23
4394086,4,448,1264,1712,FALSE,448,407,-41
4394086,8,525,1215,1740,FALSE,525,344,-181
4394087,4,137,70,207,TRUE,33,70,37
4394087,8,162,48,210,TRUE,56,48,-8
4394091,4,523,1071,1594,FALSE,523,273,-250
4394091,8,449,972,1421,FALSE,449,261,-188
4394092,4,218,119,337,TRUE,49,119,70
4394092,8,233,93,326,TRUE,69,93,24
4394093,4,494,343,837,TRUE,75,343,268
4394093,8,579,258,837,TRUE,160,258,98
4394094,4,474,382,856,TRUE,45,382,337
4394094,8,561,314,875,TRUE,123,314,191
4394096,4,308,184,492,TRUE,61,184,123
4394096,8,354,161,515,TRUE,96,161,65
4394097,4,329,192,521,TRUE,68,192,124
4394097,8,351,188,539,TRUE,81,188,107
4394101,4,276,343,619,FALSE,276,33,-243
4394101,8,284,284,568,FALSE,284,-1,-285
4394102,4,374,494,868,FALSE,374,59,-315
4394102,8,375,417,792,FALSE,375,20,-355
4394107,4,278,151,429,TRUE,63,151,88
4394107,8,298,118,416,TRUE,89,118,29
4394110,4,294,166,460,TRUE,63,166,103
4394110,8,324,123,447,TRUE,100,123,23
4394113,4,75,167,242,FALSE,75,45,-30
4394113,8,85,155,240,FALSE,85,34,-51
4394115,4,84,409,493,FALSE,84,162,78
4394115,8,108,392,500,FALSE,108,141,33
4394116,4,484,818,1302,FALSE,484,166,-318
4394116,8,515,796,1311,FALSE,515,140,-375
4394118,4,219,331,550,FALSE,219,55,-164
4394118,8,350,368,718,FALSE,350,8,-342
4394121,4,471,926,1397,FALSE,471,227,-244
4394121,8,420,826,1246,FALSE,420,202,-218
4394122,4,398,342,740,TRUE,27,342,315
4394122,8,451,326,777,TRUE,62,326,264
4394123,4,282,168,450,TRUE,56,168,112
4394123,8,316,138,454,TRUE,88,138,50
4394124,4,322,436,758,FALSE,322,56,-266
4394124,8,347,405,752,FALSE,347,28,-319
4394125,4,399,604,1003,FALSE,399,102,-297
4394125,8,403,532,935,FALSE,403,64,-339
4394128,4,675,1098,1773,FALSE,675,211,-464
4394128,8,622,1014,1636,FALSE,622,195,-427
4394129,4,249,592,841,FALSE,249,171,-78
4394129,8,270,512,782,FALSE,270,120,-150
4394130,4,520,1346,1866,FALSE,520,412,-108
4394130,8,593,1286,1879,FALSE,593,346,-247
4394135,4,303,485,788,FALSE,303,90,-213
4394135,8,336,478,814,FALSE,336,70,-266
4394136,4,507,747,1254,FALSE,507,119,-388
4394136,8,533,604,1137,FALSE,533,35,-498
4394137,4,323,632,955,FALSE,323,154,-169
4394137,8,367,570,937,FALSE,367,101,-266
4394138,4,281,410,691,FALSE,281,64,-217
4394138,8,288,371,659,FALSE,288,41,-247
4394141,4,493,936,1429,FALSE,493,221,-272
4394141,8,593,864,1457,FALSE,593,135,-458
4394144,4,291,522,813,FALSE,291,115,-176
4394144,8,326,545,871,FALSE,326,109,-217
4394155,4,518,558,1076,FALSE,518,19,-499
4394155,8,605,412,1017,TRUE,96,412,316
4394159,4,393,675,1068,FALSE,393,140,-253
4394159,8,388,557,945,FALSE,388,84,-304
4394162,4,212,313,525,FALSE,212,50,-162
4394162,8,229,252,481,FALSE,229,11,-218
4394163,4,284,627,911,FALSE,284,171,-113
4394163,8,314,555,869,FALSE,314,120,-194
4394178,4,676,1286,1962,FALSE,676,304,-372
4394178,8,758,1231,1989,FALSE,758,236,-522
4394179,4,289,413,702,FALSE,289,61,-228
4394179,8,306,356,662,FALSE,306,24,-282
4394182,4,628,1447,2075,FALSE,628,409,-219
4394182,8,698,1308,2006,FALSE,698,304,-394
4394191,4,208,591,799,FALSE,208,191,-17
4394191,8,247,523,770,FALSE,247,137,-110
4394195,4,319,185,504,TRUE,66,185,119
4394195,8,363,168,531,TRUE,97,168,71
4394201,4,418,139,557,TRUE,139,139,0
4394201,8,396,122,518,TRUE,136,122,-14
4394202,4,370,572,942,FALSE,370,100,-270
4394202,8,363,491,854,FALSE,363,63,-300
4394203,4,410,554,964,FALSE,410,71,-339
4394203,8,491,487,978,TRUE,1,487,486
4394204,4,550,971,1521,FALSE,550,210,-340
4394204,8,684,996,1680,FALSE,684,155,-529
4394218,4,297,449,746,FALSE,297,75,-222
4394218,8,272,392,664,FALSE,272,59,-213
4394222,4,289,456,745,FALSE,289,83,-206
4394222,8,320,385,705,FALSE,320,32,-288
4394230,4,545,1305,1850,FALSE,545,379,-166
4394230,8,830,1548,2378,FALSE,830,358,-472
4394231,4,318,184,502,TRUE,66,184,118
4394231,8,433,124,557,TRUE,154,124,-30
4394232,4,558,1358,1916,FALSE,558,399,-159
4394232,8,771,989,1760,FALSE,771,108,-663
4394233,4,124,72,196,TRUE,25,72,47
4394233,8,157,63,220,TRUE,46,63,17
4394242,4,112,239,351,FALSE,112,63,-49
4394242,8,98,266,364,FALSE,98,83,-15
4394243,4,177,264,441,FALSE,177,43,-134
4394243,8,175,239,414,FALSE,175,31,-144
4394250,4,322,847,1169,FALSE,322,262,-60
4394250,8,523,873,1396,FALSE,523,174,-349
4394252,4,318,431,749,FALSE,318,56,-262
4394252,8,317,386,703,FALSE,317,34,-283
4394253,4,111,61,172,TRUE,24,61,37
4394253,8,167,162,329,TRUE,2,162,160
4394256,4,144,127,271,TRUE,8,127,119
4394256,8,171,92,263,TRUE,39,92,53
4394259,4,186,488,674,FALSE,186,150,-36
4394259,8,223,573,796,FALSE,223,174,-49
4394261,4,656,1204,1860,FALSE,656,273,-383
4394261,8,814,1069,1883,FALSE,814,127,-687
4394272,4,49,77,126,FALSE,49,13,-36
4394272,8,82,130,212,FALSE,82,23,-59
4394276,4,273,647,920,FALSE,273,186,-87
4394276,8,476,745,1221,FALSE,476,134,-342
4394284,4,26,89,115,FALSE,26,31,5
4394284,8,37,117,154,FALSE,37,39,2
4394285,4,103,132,235,FALSE,103,14,-89
4394285,8,153,142,295,TRUE,5,142,137
4394288,4,79,12,91,TRUE,33,12,-21
4394288,8,78,5,83,TRUE,36,5,-31
4394290,4,626,1026,1652,FALSE,626,199,-427
4394290,8,557,939,1496,FALSE,557,190,-367
4394328,4,334,528,862,FALSE,334,96,-238
4394328,8,320,481,801,FALSE,320,80,-240
4394338,4,446,1051,1497,FALSE,446,302,-144
4394338,8,697,1084,1781,FALSE,697,193,-504
4394340,4,390,939,1329,FALSE,390,274,-116
4394340,8,355,897,1252,FALSE,355,270,-85
4394342,4,516,1088,1604,FALSE,516,285,-231
4394342,8,537,1061,1598,FALSE,537,261,-276
4394343,4,229,795,1024,FALSE,229,282,53
4394343,8,308,742,1050,FALSE,308,216,-92
4394344,4,352,654,1006,FALSE,352,150,-202
4394344,8,376,603,979,FALSE,376,113,-263
4394345,4,278,263,541,TRUE,7,263,256
4394345,8,305,253,558,TRUE,25,253,228
4394350,4,425,534,959,FALSE,425,54,-371
4394350,8,467,470,937,FALSE,467,1,-466
4394362,4,4,1,5,TRUE,1,1,0
4394362,8,0,3,3,FALSE,0,1,1
4394369,4,369,888,1257,FALSE,369,259,-110
4394369,8,645,1130,1775,FALSE,645,242,-403
4394370,4,0,0,0,FALSE,0,-1,-1
4394370,8,0,0,0,FALSE,0,-1,-1
4394371,4,45,205,250,FALSE,45,79,34
4394371,8,85,380,465,FALSE,85,147,62
4394373,4,41,57,98,FALSE,41,7,-34
4394373,8,41,64,105,FALSE,41,11,-30
4394374,4,464,876,1340,FALSE,464,205,-259
4394374,8,569,788,1357,FALSE,569,109,-460
4394375,4,209,797,1006,FALSE,209,293,84
4394375,8,332,995,1327,FALSE,332,331,-1
4394394,4,70,146,216,FALSE,70,37,-33
4394394,8,56,159,215,FALSE,56,51,-5
4394395,4,77,248,325,FALSE,77,85,8
4394395,8,85,272,357,FALSE,85,93,8
4394397,4,90,165,255,FALSE,90,37,-53
4394397,8,85,152,237,FALSE,85,33,-52
4394400,4,49,106,155,FALSE,49,28,-21
4394400,8,49,103,152,FALSE,49,26,-23
4394410,4,562,1158,1720,FALSE,562,297,-265
4394410,8,735,957,1692,FALSE,735,110,-625
4394418,4,0,0,0,FALSE,0,-1,-1
4394418,8,0,0,0,FALSE,0,-1,-1
4394429,4,1,3,4,FALSE,1,0,-1
4394429,8,89,162,251,FALSE,89,36,-53
4394432,4,13,2,15,TRUE,5,2,-3
4394432,8,26,9,35,TRUE,8,9,1
4394434,4,12,14,26,FALSE,12,0,-12
4394434,8,22,12,34,TRUE,4,12,8
4394436,4,8,45,53,FALSE,8,18,10
4394436,8,8,36,44,FALSE,8,13,5
4394452,4,96,226,322,FALSE,96,64,-32
4394452,8,378,388,766,FALSE,378,4,-374
4394454,4,377,1016,1393,FALSE,377,319,-58
4394454,8,514,1127,1641,FALSE,514,306,-208
4394456,4,250,587,837,FALSE,250,168,-82
4394456,8,256,570,826,FALSE,256,156,-100
4394458,4,0,0,0,FALSE,0,-1,-1
4394458,8,0,0,0,FALSE,0,-1,-1
4394492,4,21,25,46,FALSE,21,1,-20
4394492,8,29,17,46,TRUE,5,17,12
4394493,4,86,113,199,FALSE,86,13,-73
4394493,8,127,108,235,TRUE,9,108,99
4394494,4,1,1,2,FALSE,1,-1,-2
4394494,8,3,5,8,FALSE,3,0,-3
4394495,4,35,11,46,TRUE,11,11,0
4394495,8,18,18,36,FALSE,18,-1,-19
4394496,4,181,106,287,TRUE,37,106,69
4394496,8,213,99,312,TRUE,56,99,43
4394497,4,713,773,1486,FALSE,713,29,-684
4394497,8,774,514,1288,TRUE,129,514,385
4394498,4,141,343,484,FALSE,141,100,-41
4394498,8,164,321,485,FALSE,164,78,-86
4394499,4,288,667,955,FALSE,288,189,-99
4394499,8,762,926,1688,FALSE,762,81,-681
4394501,4,13,8,21,TRUE,2,8,6
4394501,8,7,2,9,TRUE,2,2,0
4394503,4,227,195,422,TRUE,15,195,180
4394503,8,245,187,432,TRUE,28,187,159
4394508,4,408,954,1362,FALSE,408,272,-136
4394508,8,436,861,1297,FALSE,436,212,-224
4394512,4,0,0,0,FALSE,0,-1,-1
4394512,8,0,0,0,FALSE,0,-1,-1
4394518,4,41,57,98,FALSE,41,7,-34
4394518,8,56,55,111,TRUE,0,55,55
4394528,4,677,1738,2415,FALSE,677,530,-147
4394528,8,845,1523,2368,FALSE,845,338,-507
4394531,4,544,1315,1859,FALSE,544,385,-159
4394531,8,602,1258,1860,FALSE,602,327,-275
4394532,4,197,662,859,FALSE,197,232,35
4394532,8,200,643,843,FALSE,200,221,21
4394533,4,299,720,1019,FALSE,299,210,-89
4394533,8,285,615,900,FALSE,285,164,-121
4394534,4,505,1127,1632,FALSE,505,310,-195
4394534,8,759,1259,2018,FALSE,759,249,-510
4394540,4,619,1320,1939,FALSE,619,350,-269
4394540,8,979,1384,2363,FALSE,979,202,-777
4394551,4,339,836,1175,FALSE,339,248,-91
4394551,8,1436,2262,3698,FALSE,1436,412,-1024
4394563,4,0,0,0,FALSE,0,-1,-1
4394563,8,0,0,0,FALSE,0,-1,-1
4394577,4,30,36,66,FALSE,30,2,-28
4394577,8,20,34,54,FALSE,20,6,-14
4394578,4,0,0,0,FALSE,0,-1,-1
4394578,8,0,0,0,FALSE,0,-1,-1
4394587,4,162,5,167,TRUE,78,5,-73
4394587,8,181,9,190,TRUE,85,9,-76
4394591,4,120,318,438,FALSE,120,98,-22
4394591,8,406,714,1120,FALSE,406,153,-253
4394620,4,23,16,39,TRUE,3,16,13
4394620,8,17,17,34,FALSE,17,-1,-18
4394622,4,0,0,0,FALSE,0,-1,-1
4394622,8,0,0,0,FALSE,0,-1,-1
4394629,4,0,0,0,FALSE,0,-1,-1
4394629,8,0,0,0,FALSE,0,-1,-1
4394630,4,0,0,0,FALSE,0,-1,-1
4394630,8,0,0,0,FALSE,0,-1,-1
4394632,4,0,0,0,FALSE,0,-1,-1
4394632,8,0,0,0,FALSE,0,-1,-1
4394638,4,1,12,13,FALSE,1,5,4
4394638,8,523,867,1390,FALSE,523,171,-352
4394649,4,265,717,982,FALSE,265,225,-40
4394649,8,364,794,1158,FALSE,364,214,-150
4394650,4,26,67,93,FALSE,26,20,-6
4394650,8,132,209,341,FALSE,132,38,-94
4410101,4,745,2100,2845,FALSE,745,677,-68
4410101,8,796,1765,2561,FALSE,796,484,-312
4410102,4,393,1197,1590,FALSE,393,401,8
4410102,8,436,1142,1578,FALSE,436,352,-84
4410103,4,459,1370,1829,FALSE,459,455,-4
4410103,8,520,1267,1787,FALSE,520,373,-147
4410104,4,338,1663,2001,FALSE,338,662,324
4410104,8,353,1548,1901,FALSE,353,597,244
4410105,4,305,950,1255,FALSE,305,322,17
4410105,8,434,785,1219,FALSE,434,175,-259
4410106,4,207,813,1020,FALSE,207,302,95
4410106,8,221,505,726,FALSE,221,141,-80
4410107,4,83,300,383,FALSE,83,108,25
4410107,8,86,293,379,FALSE,86,103,17
4410108,4,79,567,646,FALSE,79,243,164
4410108,8,93,620,713,FALSE,93,263,170
4410109,4,26,116,142,FALSE,26,44,18
4410109,8,21,139,160,FALSE,21,58,37
4410110,4,20,53,73,FALSE,20,16,-4
4410110,8,17,47,64,FALSE,17,14,-3
4410201,4,353,612,965,FALSE,353,129,-224
4410201,8,463,470,933,FALSE,463,3,-460
4410202,4,696,1010,1706,FALSE,696,156,-540
4410202,8,752,818,1570,FALSE,752,32,-720
4410203,4,470,957,1427,FALSE,470,243,-227
4410203,8,581,854,1435,FALSE,581,136,-445
4410204,4,193,644,837,FALSE,193,225,32
4410204,8,229,714,943,FALSE,229,242,13
4410205,4,594,1092,1686,FALSE,594,248,-346
4410205,8,777,921,1698,FALSE,777,71,-706
4410206,4,359,1204,1563,FALSE,359,422,63
4410206,8,353,1090,1443,FALSE,353,368,15
4410207,4,59,146,205,FALSE,59,43,-16
4410207,8,53,174,227,FALSE,53,60,7
4410301,4,519,1478,1997,FALSE,519,479,-40
4410301,8,553,1201,1754,FALSE,553,323,-230
4410302,4,357,1564,1921,FALSE,357,603,246
4410302,8,380,1378,1758,FALSE,380,498,118
4410303,4,250,707,957,FALSE,250,228,-22
4410303,8,329,571,900,FALSE,329,120,-209
4410304,4,407,1611,2018,FALSE,407,601,194
4410304,8,489,1373,1862,FALSE,489,441,-48
4410305,4,354,1932,2286,FALSE,354,788,434
4410305,8,407,1769,2176,FALSE,407,680,273
4410306,4,480,3240,3720,FALSE,480,1379,899
4410306,8,685,3242,3927,FALSE,685,1278,593
4410307,4,48,461,509,FALSE,48,206,158
4410307,8,68,552,620,FALSE,68,241,173
4410308,4,160,656,816,FALSE,160,247,87
4410308,8,174,728,902,FALSE,174,276,102
4410309,4,150,755,905,FALSE,150,302,152
4410309,8,131,840,971,FALSE,131,354,223
4410401,4,216,652,868,FALSE,216,217,1
4410401,8,264,537,801,FALSE,264,136,-128
4410402,4,300,1719,2019,FALSE,300,709,409
4410402,8,542,1512,2054,FALSE,542,484,-58
4410403,4,405,1351,1756,FALSE,405,472,67
4410403,8,544,1063,1607,FALSE,544,259,-285
4410404,4,399,1079,1478,FALSE,399,339,-60
4410404,8,445,908,1353,FALSE,445,231,-214
4410405,4,335,839,1174,FALSE,335,251,-84
4410405,8,358,742,1100,FALSE,358,191,-167
4410406,4,411,1727,2138,FALSE,411,657,246
4410406,8,543,1616,2159,FALSE,543,536,-7
4410407,4,165,705,870,FALSE,165,269,104
4410407,8,236,787,1023,FALSE,236,275,39
4410408,4,216,1486,1702,FALSE,216,634,418
4410408,8,284,1909,2193,FALSE,284,812,528
4410409,4,97,441,538,FALSE,97,171,74
4410409,8,73,437,510,FALSE,73,181,108
4430001,4,56,50,106,TRUE,2,50,48
4430001,8,60,61,121,FALSE,60,0,-60
NA,4,8,11,19,FALSE,8,1,-7
NA,8,12,9,21,TRUE,1,9,8
NA,4,31,44,75,FALSE,31,6,-25
NA,8,40,36,76,TRUE,1,36,35
4430003,4,32,104,136,FALSE,32,35,3
4430003,8,44,123,167,FALSE,44,39,-5
NA,4,5,20,25,FALSE,5,7,2
NA,8,3,16,19,FALSE,3,6,3
NA,4,27,77,104,FALSE,27,24,-3
NA,8,27,78,105,FALSE,27,25,-2
NA,4,89,633,722,FALSE,89,271,182
NA,8,181,599,780,FALSE,181,208,27
NA,4,134,745,879,FALSE,134,305,171
NA,8,194,653,847,FALSE,194,229,35
NA,4,140,565,705,FALSE,140,212,72
NA,8,260,499,759,FALSE,260,119,-141
NA,4,73,245,318,FALSE,73,85,12
NA,8,89,236,325,FALSE,89,73,-16
NA,4,162,277,439,FALSE,162,57,-105
NA,8,356,218,574,TRUE,68,218,150
NA,4,34,216,250,FALSE,34,90,56
NA,8,42,168,210,FALSE,42,62,20
NA,4,145,339,484,FALSE,145,96,-49
NA,8,217,299,516,FALSE,217,40,-177
NA,4,17,146,163,FALSE,17,64,47
NA,8,20,151,171,FALSE,20,65,45
4470001,4,48,185,233,FALSE,48,68,20
4470001,8,38,194,232,FALSE,38,77,39
4470002,4,43,175,218,FALSE,43,65,22
4470002,8,32,156,188,FALSE,32,61,29
4473003,4,66,137,203,FALSE,66,35,-31
4473003,8,53,135,188,FALSE,53,40,-13
4474005,4,23,51,74,FALSE,23,13,-10
4474005,8,15,57,72,FALSE,15,20,5
4474006,4,22,108,130,FALSE,22,42,20
4474006,8,28,129,157,FALSE,28,50,22
4490001,4,290,54,344,TRUE,117,54,-63
4490001,8,316,48,364,TRUE,133,48,-85
4490002,4,190,191,381,FALSE,190,0,-190
4490002,8,195,203,398,FALSE,195,3,-192
4490003,4,121,268,389,FALSE,121,73,-48
4490003,8,118,282,400,FALSE,118,81,-37
4490004,4,95,247,342,FALSE,95,75,-20
4490004,8,98,302,400,FALSE,98,101,3
4490005,4,41,131,172,FALSE,41,44,3
4490005,8,44,137,181,FALSE,44,46,2
4490006,4,259,565,824,FALSE,259,152,-107
4490006,8,230,688,918,FALSE,230,228,-2
4490007,4,226,401,627,FALSE,226,87,-139
4490007,8,194,477,671,FALSE,194,141,-53
4490008,4,217,234,451,FALSE,217,8,-209
4490008,8,310,249,559,TRUE,30,249,219
4490009,4,131,192,323,FALSE,131,30,-101
4490009,8,75,207,282,FALSE,75,65,-10
4490010,4,134,335,469,FALSE,134,100,-34
4490010,8,96,366,462,FALSE,96,134,38
4490011,4,73,107,180,FALSE,73,16,-57
4490011,8,69,89,158,FALSE,69,9,-60
4490012,4,62,110,172,FALSE,62,23,-39
4490012,8,28,119,147,FALSE,28,45,17
4490014,4,397,478,875,FALSE,397,40,-357
4490014,8,384,504,888,FALSE,384,59,-325
4490015,4,82,230,312,FALSE,82,73,-9
4490015,8,74,232,306,FALSE,74,78,4
4490016,4,273,962,1235,FALSE,273,344,71
4490016,8,329,1064,1393,FALSE,329,367,38
4490017,4,195,147,342,TRUE,23,147,124
4490017,8,179,77,256,TRUE,50,77,27
4490018,4,54,89,143,FALSE,54,17,-37
4490018,8,49,91,140,FALSE,49,20,-29
4490019,4,127,298,425,FALSE,127,85,-42
4490019,8,144,278,422,FALSE,144,66,-78
4490020,4,206,665,871,FALSE,206,229,23
4490020,8,213,615,828,FALSE,213,200,-13
450001,4,37,84,121,FALSE,37,23,-14
450001,8,27,95,122,FALSE,27,33,6
450002,4,49,133,182,FALSE,49,41,-8
450002,8,49,131,180,FALSE,49,40,-9
450003,4,42,177,219,FALSE,42,67,25
450003,8,57,172,229,FALSE,57,57,0
450004,4,48,184,232,FALSE,48,67,19
450004,8,50,185,235,FALSE,50,67,17
450006,4,15,42,57,FALSE,15,13,-2
450006,8,22,34,56,FALSE,22,5,-17
4510103,4,147,265,412,FALSE,147,58,-89
4510103,8,165,208,373,FALSE,165,21,-144
4510106,4,101,135,236,FALSE,101,16,-85
4510106,8,129,114,243,TRUE,7,114,107
4510108,4,38,267,305,FALSE,38,114,76
4510108,8,41,269,310,FALSE,41,113,72
4510110,4,16,72,88,FALSE,16,27,11
4510110,8,29,63,92,FALSE,29,16,-13
4510112,4,41,391,432,FALSE,41,174,133
4510112,8,43,415,458,FALSE,43,185,142
4510114,4,314,186,500,TRUE,63,186,123
4510114,8,339,110,449,TRUE,114,110,-4
4510124,4,231,111,342,TRUE,59,111,52
4510124,8,339,78,417,TRUE,130,78,-52
4510126,4,118,217,335,FALSE,118,49,-69
4510126,8,150,181,331,FALSE,150,15,-135
4510131,4,19,157,176,FALSE,19,68,49
4510131,8,27,190,217,FALSE,27,81,54
4510137,4,297,213,510,TRUE,41,213,172
4510137,8,344,167,511,TRUE,88,167,79
4510138,4,82,111,193,FALSE,82,14,-68
4510138,8,115,114,229,TRUE,0,114,114
4510144,4,365,630,995,FALSE,365,132,-233
4510144,8,445,533,978,FALSE,445,43,-402
4510145,4,177,254,431,FALSE,177,38,-139
4510145,8,213,219,432,FALSE,213,2,-211
4510146,4,67,202,269,FALSE,67,67,0
4510146,8,47,217,264,FALSE,47,84,37
4510147,4,169,222,391,FALSE,169,26,-143
4510147,8,214,171,385,TRUE,21,171,150
4510155,4,38,62,100,FALSE,38,11,-27
4510155,8,46,63,109,FALSE,46,8,-38
4510156,4,19,7,26,TRUE,5,7,2
4510156,8,15,4,19,TRUE,5,4,-1
4510157,4,28,11,39,TRUE,8,11,3
4510157,8,35,5,40,TRUE,14,5,-9
4510209,4,276,1062,1338,FALSE,276,392,116
4510209,8,337,917,1254,FALSE,337,289,-48
4510211,4,2,116,118,FALSE,2,56,54
4510211,8,3,116,119,FALSE,3,56,53
4510213,4,44,434,478,FALSE,44,194,150
4510213,8,52,471,523,FALSE,52,209,157
4510215,4,257,1046,1303,FALSE,257,394,137
4510215,8,287,1072,1359,FALSE,287,392,105
4510220,4,87,563,650,FALSE,87,237,150
4510220,8,89,640,729,FALSE,89,275,186
4510225,4,139,866,1005,FALSE,139,363,224
4510225,8,166,812,978,FALSE,166,322,156
4510228,4,195,702,897,FALSE,195,253,58
4510228,8,258,665,923,FALSE,258,203,-55
4510230,4,186,990,1176,FALSE,186,401,215
4510230,8,226,1069,1295,FALSE,226,421,195
4510240,4,378,1014,1392,FALSE,378,317,-61
4510240,8,419,801,1220,FALSE,419,190,-229
4510241,4,206,972,1178,FALSE,206,382,176
4510241,8,227,991,1218,FALSE,227,381,154
4510243,4,139,475,614,FALSE,139,167,28
4510243,8,202,422,624,FALSE,202,109,-93
4510249,4,162,738,900,FALSE,162,287,125
4510249,8,192,850,1042,FALSE,192,328,136
4510253,4,118,266,384,FALSE,118,73,-45
4510253,8,166,214,380,FALSE,166,23,-143
4510254,4,7,59,66,FALSE,7,25,18
4510254,8,16,47,63,FALSE,16,15,-1
4510304,4,372,1243,1615,FALSE,372,435,63
4510304,8,435,1118,1553,FALSE,435,341,-94
4510305,4,108,226,334,FALSE,108,58,-50
4510305,8,153,185,338,FALSE,153,15,-138
4510306,4,146,691,837,FALSE,146,272,126
4510306,8,274,734,1008,FALSE,274,229,-45
4510307,4,289,629,918,FALSE,289,169,-120
4510307,8,314,622,936,FALSE,314,153,-161
4510316,4,109,393,502,FALSE,109,141,32
4510316,8,100,314,414,FALSE,100,106,6
4510317,4,163,804,967,FALSE,163,320,157
4510317,8,244,837,1081,FALSE,244,296,52
4510318,4,100,468,568,FALSE,100,183,83
4510318,8,97,522,619,FALSE,97,212,115
4510319,4,197,800,997,FALSE,197,301,104
4510319,8,296,1049,1345,FALSE,296,376,80
4510327,4,285,517,802,FALSE,285,115,-170
4510327,8,367,443,810,FALSE,367,37,-330
4510338,4,83,197,280,FALSE,83,56,-27
4510338,8,94,211,305,FALSE,94,58,-36
4510348,4,43,188,231,FALSE,43,72,29
4510348,8,54,203,257,FALSE,54,74,20
4510350,4,45,200,245,FALSE,45,77,32
4510350,8,61,192,253,FALSE,61,65,4
4510351,4,72,326,398,FALSE,72,126,54
4510351,8,78,328,406,FALSE,78,124,46
4510352,4,94,311,405,FALSE,94,108,14
4510352,8,109,228,337,FALSE,109,59,-50
4510358,4,59,214,273,FALSE,59,77,18
4510358,8,45,203,248,FALSE,45,78,33
4510401,4,24,102,126,FALSE,24,38,14
4510401,8,44,93,137,FALSE,44,24,-20
4510402,4,293,940,1233,FALSE,293,323,30
4510402,8,345,794,1139,FALSE,345,224,-121
4510421,4,323,1374,1697,FALSE,323,525,202
4510421,8,447,1520,1967,FALSE,447,536,89
4510422,4,113,547,660,FALSE,113,216,103
4510422,8,117,624,741,FALSE,117,253,136
4510423,4,81,477,558,FALSE,81,197,116
4510423,8,100,567,667,FALSE,100,233,133
4510429,4,160,586,746,FALSE,160,212,52
4510429,8,226,549,775,FALSE,226,161,-65
4510432,4,184,523,707,FALSE,184,169,-15
4510432,8,261,463,724,FALSE,261,100,-161
4510433,4,208,788,996,FALSE,208,289,81
4510433,8,269,742,1011,FALSE,269,236,-33
4510434,4,166,455,621,FALSE,166,144,-22
4510434,8,217,394,611,FALSE,217,88,-129
4510435,4,303,738,1041,FALSE,303,217,-86
4510435,8,359,656,1015,FALSE,359,148,-211
4510436,4,240,847,1087,FALSE,240,303,63
4510436,8,336,773,1109,FALSE,336,218,-118
4510442,4,164,565,729,FALSE,164,200,36
4510442,8,208,571,779,FALSE,208,181,-27
4510459,4,134,214,348,FALSE,134,39,-95
4510459,8,132,219,351,FALSE,132,43,-89
4530101,4,1154,468,1622,TRUE,342,468,126
4530101,8,1804,430,2234,TRUE,686,430,-256
4530105,4,843,593,1436,TRUE,124,593,469
4530105,8,2267,920,3187,TRUE,673,920,247
4530106,4,463,553,1016,FALSE,463,44,-419
4530106,8,498,464,962,TRUE,16,464,448
4530107,4,198,392,590,FALSE,198,96,-102
4530107,8,529,565,1094,FALSE,529,17,-512
4530108,4,708,358,1066,TRUE,174,358,184
4530108,8,932,297,1229,TRUE,317,297,-20
4530109,4,769,739,1508,TRUE,14,739,725
4530109,8,1002,593,1595,TRUE,204,593,389
4530110,4,778,809,1587,FALSE,778,15,-763
4530110,8,1010,645,1655,TRUE,182,645,463
4530111,4,795,662,1457,TRUE,66,662,596
4530111,8,1191,549,1740,TRUE,320,549,229
4530112,4,953,709,1662,TRUE,121,709,588
4530112,8,1224,631,1855,TRUE,296,631,335
4530113,4,1343,1143,2486,TRUE,99,1143,1044
4530113,8,2153,1071,3224,TRUE,540,1071,531
4530121,4,1226,167,1393,TRUE,529,167,-362
4530121,8,1482,106,1588,TRUE,687,106,-581
4530122,4,1190,174,1364,TRUE,507,174,-333
4530122,8,1617,132,1749,TRUE,742,132,-610
4530123,4,217,19,236,TRUE,98,19,-79
4530123,8,235,17,252,TRUE,108,17,-91
4530124,4,1691,155,1846,TRUE,767,155,-612
4530124,8,2432,163,2595,TRUE,1134,163,-971
4530126,4,1870,114,1984,TRUE,877,114,-763
4530126,8,2547,132,2679,TRUE,1207,132,-1075
4530129,4,1217,91,1308,TRUE,562,91,-471
4530129,8,1645,79,1724,TRUE,782,79,-703
4530130,4,1223,297,1520,TRUE,462,297,-165
4530130,8,1321,270,1591,TRUE,525,270,-255
4530132,4,1182,208,1390,TRUE,486,208,-278
4530132,8,1458,158,1616,TRUE,649,158,-491
4530133,4,1121,369,1490,TRUE,375,369,-6
4530133,8,1284,278,1562,TRUE,502,278,-224
4530135,4,1587,447,2034,TRUE,569,447,-122
4530135,8,2007,363,2370,TRUE,821,363,-458
4530136,4,2525,564,3089,TRUE,980,564,-416
4530136,8,2932,474,3406,TRUE,1228,474,-754
4530137,4,81,75,156,TRUE,2,75,73
4530137,8,333,174,507,TRUE,79,174,95
4530139,4,867,399,1266,TRUE,233,399,166
4530139,8,1029,319,1348,TRUE,354,319,-35
4530140,4,814,388,1202,TRUE,212,388,176
4530140,8,810,240,1050,TRUE,284,240,-44
4530141,4,874,318,1192,TRUE,277,318,41
4530141,8,1054,246,1300,TRUE,403,246,-157
4530145,4,1237,363,1600,TRUE,436,363,-73
4530145,8,1333,297,1630,TRUE,517,297,-220
4530146,4,561,281,842,TRUE,139,281,142
4530146,8,659,199,858,TRUE,229,199,-30
4530148,4,2277,1534,3811,TRUE,371,1534,1163
4530148,8,3378,1383,4761,TRUE,997,1383,386
4530149,4,752,179,931,TRUE,286,179,-107
4530149,8,901,148,1049,TRUE,376,148,-228
4530150,4,1147,442,1589,TRUE,352,442,90
4530150,8,1337,324,1661,TRUE,506,324,-182
4530151,4,1431,391,1822,TRUE,519,391,-128
4530151,8,1569,249,1818,TRUE,659,249,-410
4530152,4,2044,280,2324,TRUE,881,280,-601
4530152,8,2272,198,2470,TRUE,1036,198,-838
4530153,4,812,720,1532,TRUE,45,720,675
4530153,8,1867,850,2717,TRUE,508,850,342
4530154,4,528,456,984,TRUE,35,456,421
4530154,8,825,401,1226,TRUE,211,401,190
4530156,4,847,330,1177,TRUE,258,330,72
4530156,8,969,262,1231,TRUE,353,262,-91
4530160,4,657,419,1076,TRUE,118,419,301
4530160,8,723,299,1022,TRUE,211,299,88
4530161,4,1152,731,1883,TRUE,210,731,521
4530161,8,1301,580,1881,TRUE,360,580,220
4530163,4,838,560,1398,TRUE,138,560,422
4530163,8,966,433,1399,TRUE,266,433,167
4530164,4,823,367,1190,TRUE,227,367,140
4530164,8,860,269,1129,TRUE,295,269,-26
4530200,4,885,1020,1905,FALSE,885,67,-818
4530200,8,2133,1417,3550,TRUE,357,1417,1060
4530202,4,188,332,520,FALSE,188,71,-117
4530202,8,1095,1021,2116,TRUE,36,1021,985
4530203,4,167,232,399,FALSE,167,32,-135
4530203,8,228,217,445,TRUE,5,217,212
4530205,4,892,515,1407,TRUE,188,515,327
4530205,8,1080,346,1426,TRUE,366,346,-20
4530206,4,723,1033,1756,FALSE,723,154,-569
4530206,8,1054,934,1988,TRUE,59,934,875
4530207,4,1450,1480,2930,FALSE,1450,14,-1436
4530207,8,1951,1228,3179,TRUE,361,1228,867
4530208,4,177,189,366,FALSE,177,5,-172
4530208,8,235,181,416,TRUE,26,181,155
4530209,4,944,1496,2440,FALSE,944,275,-669
4530209,8,1576,1414,2990,TRUE,80,1414,1334
4530210,4,834,518,1352,TRUE,157,518,361
4530210,8,924,497,1421,TRUE,213,497,284
4530211,4,861,575,1436,TRUE,142,575,433
4530211,8,968,521,1489,TRUE,223,521,298
4530213,4,624,560,1184,TRUE,31,560,529
4530213,8,695,449,1144,TRUE,122,449,327
4530214,4,835,619,1454,TRUE,107,619,512
4530214,8,904,544,1448,TRUE,179,544,365
4530215,4,634,567,1201,TRUE,33,567,534
4530215,8,810,444,1254,TRUE,182,444,262
4530216,4,704,440,1144,TRUE,131,440,309
4530216,8,921,405,1326,TRUE,257,405,148
4530217,4,477,431,908,TRUE,22,431,409
4530217,8,806,402,1208,TRUE,201,402,201
4530218,4,1397,997,2394,TRUE,199,997,798
4530218,8,1891,768,2659,TRUE,561,768,207
4530219,4,936,974,1910,FALSE,936,18,-918
4530219,8,1197,758,1955,TRUE,219,758,539
4530220,4,701,706,1407,FALSE,701,2,-699
4530220,8,817,605,1422,TRUE,105,605,500
4530222,4,826,854,1680,FALSE,826,13,-813
4530222,8,1101,616,1717,TRUE,242,616,374
4530223,4,769,1012,1781,FALSE,769,121,-648
4530223,8,967,823,1790,TRUE,71,823,752
4530224,4,866,893,1759,FALSE,866,13,-853
4530224,8,1381,840,2221,TRUE,270,840,570
4530225,4,649,585,1234,TRUE,31,585,554
4530225,8,710,429,1139,TRUE,140,429,289
4530226,4,560,1078,1638,FALSE,560,258,-302
4530226,8,731,901,1632,FALSE,731,84,-647
4530227,4,752,771,1523,FALSE,752,9,-743
4530227,8,967,614,1581,TRUE,176,614,438
4530228,4,1267,1171,2438,TRUE,47,1171,1124
4530228,8,1432,964,2396,TRUE,233,964,731
4530229,4,772,644,1416,TRUE,63,644,581
4530229,8,943,462,1405,TRUE,240,462,222
4530231,4,1130,1093,2223,TRUE,18,1093,1075
4530231,8,1268,942,2210,TRUE,162,942,780
4530235,4,1103,277,1380,TRUE,412,277,-135
4530235,8,1425,237,1662,TRUE,593,237,-356
4530236,4,1502,591,2093,TRUE,455,591,136
4530236,8,1751,510,2261,TRUE,620,510,-110
4530237,4,871,849,1720,TRUE,10,849,839
4530237,8,976,749,1725,TRUE,113,749,636
4530238,4,1251,932,2183,TRUE,159,932,773
4530238,8,1557,713,2270,TRUE,421,713,292
4530239,4,1214,654,1868,TRUE,279,654,375
4530239,8,1371,557,1928,TRUE,406,557,151
4530240,4,553,254,807,TRUE,149,254,105
4530240,8,550,233,783,TRUE,158,233,75
4530241,4,886,342,1228,TRUE,271,342,71
4530241,8,993,274,1267,TRUE,359,274,-85
4530242,4,2253,886,3139,TRUE,683,886,203
4530242,8,2529,709,3238,TRUE,909,709,-200
4530243,4,774,475,1249,TRUE,149,475,326
4530243,8,888,425,1313,TRUE,231,425,194
4530246,4,654,697,1351,FALSE,654,21,-633
4530246,8,839,608,1447,TRUE,115,608,493
4530247,4,826,646,1472,TRUE,89,646,557
4530247,8,935,521,1456,TRUE,206,521,315
4530248,4,1064,543,1607,TRUE,260,543,283
4530248,8,1175,448,1623,TRUE,363,448,85
4530249,4,1189,1042,2231,TRUE,73,1042,969
4530249,8,1420,854,2274,TRUE,282,854,572
4530250,4,1553,351,1904,TRUE,600,351,-249
4530250,8,1588,322,1910,TRUE,632,322,-310
4530251,4,1534,774,2308,TRUE,379,774,395
4530251,8,1685,691,2376,TRUE,496,691,195
4530252,4,1141,712,1853,TRUE,214,712,498
4530252,8,1300,561,1861,TRUE,369,561,192
4530253,4,1033,1229,2262,FALSE,1033,97,-936
4530253,8,1250,1118,2368,TRUE,65,1118,1053
4530254,4,1244,1403,2647,FALSE,1244,79,-1165
4530254,8,1574,1023,2597,TRUE,275,1023,748
4530256,4,930,1100,2030,FALSE,930,84,-846
4530256,8,1123,987,2110,TRUE,67,987,920
4530258,4,951,859,1810,TRUE,45,859,814
4530258,8,1125,681,1806,TRUE,221,681,460
4530259,4,1126,876,2002,TRUE,124,876,752
4530259,8,1288,758,2046,TRUE,264,758,494
4530260,4,534,263,797,TRUE,135,263,128
4530260,8,527,163,690,TRUE,181,163,-18
4530262,4,1311,1295,2606,TRUE,7,1295,1288
4530262,8,1558,1131,2689,TRUE,213,1131,918
4530263,4,1139,847,1986,TRUE,145,847,702
4530263,8,1355,711,2066,TRUE,321,711,390
4530266,4,1692,726,2418,TRUE,482,726,244
4530266,8,2436,902,3338,TRUE,766,902,136
4530267,4,582,418,1000,TRUE,81,418,337
4530267,8,718,317,1035,TRUE,200,317,117
4530268,4,483,301,784,TRUE,90,301,211
4530268,8,545,213,758,TRUE,165,213,48
4530271,4,1,0,1,TRUE,0,0,0
4530271,8,3,3,6,FALSE,3,-1,-4
4530272,4,0,0,0,FALSE,0,-1,-1
4530272,8,0,0,0,FALSE,0,-1,-1
4530273,4,1449,525,1974,TRUE,461,525,64
4530273,8,1491,432,1923,TRUE,529,432,-97
4530274,4,1426,427,1853,TRUE,499,427,-72
4530274,8,1575,286,1861,TRUE,644,286,-358
4530275,4,1947,433,2380,TRUE,756,433,-323
4530275,8,2145,341,2486,TRUE,901,341,-560
4530277,4,1248,910,2158,TRUE,168,910,742
4530277,8,2034,1250,3284,TRUE,391,1250,859
4530278,4,1256,783,2039,TRUE,236,783,547
4530278,8,1451,651,2102,TRUE,399,651,252
4530279,4,272,194,466,TRUE,38,194,156
4530279,8,365,127,492,TRUE,118,127,9
4530301,4,143,139,282,TRUE,1,139,138
4530301,8,170,150,320,TRUE,9,150,141
4530302,4,921,1419,2340,FALSE,921,248,-673
4530302,8,1231,1252,2483,FALSE,1231,10,-1221
4530303,4,762,1044,1806,FALSE,762,140,-622
4530303,8,927,966,1893,FALSE,927,19,-908
4530304,4,686,1077,1763,FALSE,686,195,-491
4530304,8,934,911,1845,TRUE,11,911,900
4530306,4,532,1277,1809,FALSE,532,372,-160
4530306,8,702,1284,1986,FALSE,702,290,-412
4530307,4,776,760,1536,TRUE,7,760,753
4530307,8,860,587,1447,TRUE,136,587,451
4530308,4,803,1423,2226,FALSE,803,309,-494
4530308,8,967,1603,2570,FALSE,967,317,-650
4530309,4,1216,960,2176,TRUE,127,960,833
4530309,8,1782,993,2775,TRUE,394,993,599
4530310,4,933,992,1925,FALSE,933,29,-904
4530310,8,1226,1045,2271,TRUE,90,1045,955
4530312,4,623,726,1349,FALSE,623,51,-572
4530312,8,623,738,1361,FALSE,623,57,-566
4530314,4,581,1131,1712,FALSE,581,274,-307
4530314,8,1256,1869,3125,FALSE,1256,306,-950
4530315,4,1070,1220,2290,FALSE,1070,74,-996
4530315,8,1215,1086,2301,TRUE,64,1086,1022
4530316,4,296,813,1109,FALSE,296,258,-38
4530316,8,686,830,1516,FALSE,686,71,-615
4530317,4,763,1148,1911,FALSE,763,192,-571
4530317,8,1053,1018,2071,TRUE,17,1018,1001
4530318,4,417,870,1287,FALSE,417,226,-191
4530318,8,633,816,1449,FALSE,633,91,-542
4530319,4,503,1261,1764,FALSE,503,378,-125
4530319,8,656,1122,1778,FALSE,656,232,-424
4530320,4,359,1085,1444,FALSE,359,362,3
4530320,8,482,1051,1533,FALSE,482,284,-198
4530321,4,534,572,1106,FALSE,534,18,-516
4530321,8,1342,589,1931,TRUE,376,589,213
4530323,4,763,544,1307,TRUE,109,544,435
4530323,8,1070,531,1601,TRUE,269,531,262
4530324,4,596,1414,2010,FALSE,596,408,-188
4530324,8,1162,1848,3010,FALSE,1162,342,-820
4530326,4,634,894,1528,FALSE,634,129,-505
4530326,8,918,839,1757,TRUE,39,839,800
4530327,4,786,1083,1869,FALSE,786,148,-638
4530327,8,954,835,1789,TRUE,59,835,776
4530328,4,1730,1781,3511,FALSE,1730,25,-1705
4530328,8,2077,1452,3529,TRUE,312,1452,1140
4530330,4,1040,1561,2601,FALSE,1040,260,-780
4530330,8,1369,1450,2819,FALSE,1369,40,-1329
4530331,4,923,1139,2062,FALSE,923,107,-816
4530331,8,1173,962,2135,TRUE,105,962,857
4530332,4,1717,340,2057,TRUE,688,340,-348
4530332,8,1837,305,2142,TRUE,765,305,-460
4530333,4,1231,1822,3053,FALSE,1231,295,-936
4530333,8,1018,1053,2071,FALSE,1018,17,-1001
4530334,4,852,1528,2380,FALSE,852,337,-515
4530334,8,1054,1373,2427,FALSE,1054,159,-895
4530335,4,781,1093,1874,FALSE,781,155,-626
4530335,8,1017,840,1857,TRUE,88,840,752
4530336,4,674,1083,1757,FALSE,674,204,-470
4530336,8,835,926,1761,FALSE,835,45,-790
4530337,4,1144,1371,2515,FALSE,1144,113,-1031
4530337,8,1347,1132,2479,TRUE,107,1132,1025
4530338,4,1228,940,2168,TRUE,143,940,797
4530338,8,1533,1007,2540,TRUE,262,1007,745
4530339,4,691,549,1240,TRUE,70,549,479
4530339,8,886,442,1328,TRUE,221,442,221
4530342,4,2682,972,3654,TRUE,854,972,118
4530342,8,2916,762,3678,TRUE,1076,762,-314
4530343,4,7,11,18,FALSE,7,1,-6
4530343,8,955,679,1634,TRUE,137,679,542
4530345,4,1243,2418,3661,FALSE,1243,587,-656
4530345,8,1602,2283,3885,FALSE,1602,340,-1262
4530346,4,368,1148,1516,FALSE,368,389,21
4530346,8,564,1622,2186,FALSE,564,528,-36
4530347,4,1662,1569,3231,TRUE,46,1569,1523
4530347,8,1882,1295,3177,TRUE,293,1295,1002
4530349,4,1439,1495,2934,FALSE,1439,27,-1412
4530349,8,1943,1424,3367,TRUE,259,1424,1165
4530350,4,1316,1092,2408,TRUE,111,1092,981
4530350,8,1945,932,2877,TRUE,506,932,426
4530351,4,1065,890,1955,TRUE,87,890,803
4530351,8,1341,666,2007,TRUE,337,666,329
4530352,4,1845,1248,3093,TRUE,298,1248,950
4530352,8,2247,992,3239,TRUE,627,992,365
4530354,4,1603,1713,3316,FALSE,1603,54,-1549
4530354,8,1951,1463,3414,TRUE,243,1463,1220
4530355,4,1326,1014,2340,TRUE,155,1014,859
4530355,8,1798,920,2718,TRUE,438,920,482
4530356,4,331,254,585,TRUE,38,254,216
4530356,8,478,223,701,TRUE,127,223,96
4530358,4,1208,770,1978,TRUE,218,770,552
4530358,8,1414,582,1996,TRUE,415,582,167
4530359,4,718,850,1568,FALSE,718,65,-653
4530359,8,1204,1180,2384,TRUE,11,1180,1169
4530360,4,1306,1431,2737,FALSE,1306,62,-1244
4530360,8,1692,1217,2909,TRUE,237,1217,980
4530361,4,777,1188,1965,FALSE,777,205,-572
4530361,8,1024,977,2001,TRUE,23,977,954
4530362,4,1130,1020,2150,TRUE,54,1020,966
4530362,8,1352,804,2156,TRUE,273,804,531
4530363,4,549,662,1211,FALSE,549,56,-493
4530363,8,646,593,1239,TRUE,26,593,567
4530364,4,1291,1247,2538,TRUE,21,1247,1226
4530364,8,1514,1147,2661,TRUE,183,1147,964
4530366,4,1378,1613,2991,FALSE,1378,117,-1261
4530366,8,2004,1616,3620,TRUE,193,1616,1423
4530367,4,938,1435,2373,FALSE,938,248,-690
4530367,8,2209,2117,4326,TRUE,45,2117,2072
4530370,4,313,526,839,FALSE,313,106,-207
4530370,8,386,460,846,FALSE,386,36,-350
4530371,4,448,882,1330,FALSE,448,216,-232
4530371,8,605,906,1511,FALSE,605,150,-455
4530372,4,621,1094,1715,FALSE,621,236,-385
4530372,8,772,1198,1970,FALSE,772,212,-560
4530373,4,754,2093,2847,FALSE,754,669,-85
4530373,8,1024,2076,3100,FALSE,1024,525,-499
4530374,4,463,912,1375,FALSE,463,224,-239
4530374,8,1282,2154,3436,FALSE,1282,435,-847
4530375,4,281,549,830,FALSE,281,133,-148
4530375,8,251,363,614,FALSE,251,55,-196
4530376,4,1006,1777,2783,FALSE,1006,385,-621
4530376,8,1764,2328,4092,FALSE,1764,281,-1483
4530377,4,762,1178,1940,FALSE,762,207,-555
4530377,8,1155,1298,2453,FALSE,1155,71,-1084
4530378,4,408,1087,1495,FALSE,408,339,-69
4530378,8,646,985,1631,FALSE,646,169,-477
4530379,4,417,735,1152,FALSE,417,158,-259
4530379,8,985,1185,2170,FALSE,985,99,-886
4530401,4,521,438,959,TRUE,41,438,397
4530401,8,762,342,1104,TRUE,209,342,133
4530402,4,745,535,1280,TRUE,104,535,431
4530402,8,1117,442,1559,TRUE,337,442,105
4530403,4,402,409,811,FALSE,402,3,-399
4530403,8,479,335,814,TRUE,71,335,264
4530404,4,230,114,344,TRUE,57,114,57
4530404,8,526,138,664,TRUE,193,138,-55
4530405,4,148,110,258,TRUE,18,110,92
4530405,8,156,101,257,TRUE,27,101,74
4530406,4,828,1398,2226,FALSE,828,284,-544
4530406,8,1660,1572,3232,TRUE,43,1572,1529
4530407,4,520,268,788,TRUE,125,268,143
4530407,8,620,183,803,TRUE,218,183,-35
4530409,4,785,185,970,TRUE,299,185,-114
4530409,8,1014,139,1153,TRUE,437,139,-298
4530410,4,1055,571,1626,TRUE,241,571,330
4530410,8,1224,388,1612,TRUE,417,388,-29
4530411,4,262,133,395,TRUE,64,133,69
4530411,8,473,171,644,TRUE,150,171,21
4530412,4,48,13,61,TRUE,17,13,-4
4530412,8,39,10,49,TRUE,14,10,-4
4530413,4,183,145,328,TRUE,18,145,127
4530413,8,266,136,402,TRUE,64,136,72
4530420,4,1838,449,2287,TRUE,694,449,-245
4530420,8,1653,277,1930,TRUE,687,277,-410
4530421,4,1555,396,1951,TRUE,579,396,-183
4530421,8,1707,315,2022,TRUE,695,315,-380
4530422,4,1317,220,1537,TRUE,548,220,-328
4530422,8,1404,179,1583,TRUE,612,179,-433
4530423,4,1164,318,1482,TRUE,422,318,-104
4530423,8,1508,282,1790,TRUE,612,282,-330
4530424,4,1331,235,1566,TRUE,547,235,-312
4530424,8,1371,214,1585,TRUE,578,214,-364
4530426,4,1045,199,1244,TRUE,422,199,-223
4530426,8,1193,148,1341,TRUE,522,148,-374
4530427,4,540,96,636,TRUE,221,96,-125
4530427,8,665,92,757,TRUE,286,92,-194
4530429,4,1431,680,2111,TRUE,375,680,305
4530429,8,2350,463,2813,TRUE,943,463,-480
4530430,4,668,142,810,TRUE,262,142,-120
4530430,8,818,109,927,TRUE,354,109,-245
4530431,4,1380,507,1887,TRUE,436,507,71
4530431,8,1691,290,1981,TRUE,700,290,-410
4530433,4,1068,361,1429,TRUE,353,361,8
4530433,8,1275,268,1543,TRUE,503,268,-235
4530437,4,1491,240,1731,TRUE,625,240,-385
4530437,8,1557,227,1784,TRUE,664,227,-437
4530438,4,822,215,1037,TRUE,303,215,-88
4530438,8,1000,250,1250,TRUE,374,250,-124
4530439,4,878,174,1052,TRUE,351,174,-177
4530439,8,1130,146,1276,TRUE,491,146,-345
4530440,4,1562,509,2071,TRUE,526,509,-17
4530440,8,1764,310,2074,TRUE,726,310,-416
4530441,4,1280,578,1858,TRUE,350,578,228
4530441,8,1662,506,2168,TRUE,577,506,-71
4530442,4,633,143,776,TRUE,244,143,-101
4530442,8,774,92,866,TRUE,340,92,-248
4530443,4,1451,559,2010,TRUE,445,559,114
4530443,8,1580,358,1938,TRUE,610,358,-252
4530444,4,182,83,265,TRUE,49,83,34
4530444,8,435,139,574,TRUE,147,139,-8
4530445,4,421,195,616,TRUE,112,195,83
4530445,8,637,237,874,TRUE,199,237,38
4530446,4,729,308,1037,TRUE,210,308,98
4530446,8,813,258,1071,TRUE,277,258,-19
4530447,4,1481,793,2274,TRUE,343,793,450
4530447,8,1815,591,2406,TRUE,611,591,-20
4530448,4,1065,547,1612,TRUE,258,547,289
4530448,8,1219,373,1592,TRUE,422,373,-49
4530450,4,1084,399,1483,TRUE,342,399,57
4530450,8,1500,373,1873,TRUE,563,373,-190
4530451,4,1253,630,1883,TRUE,311,630,319
4530451,8,1384,459,1843,TRUE,462,459,-3
4530452,4,743,249,992,TRUE,246,249,3
4530452,8,862,178,1040,TRUE,341,178,-163
4530454,4,877,616,1493,TRUE,130,616,486
4530454,8,953,491,1444,TRUE,230,491,261
4530455,4,897,534,1431,TRUE,181,534,353
4530455,8,1100,460,1560,TRUE,319,460,141
4530458,4,1151,706,1857,TRUE,222,706,484
4530458,8,1343,528,1871,TRUE,407,528,121
4530460,4,1433,618,2051,TRUE,407,618,211
4530460,8,1647,522,2169,TRUE,562,522,-40
4530461,4,1698,432,2130,TRUE,632,432,-200
4530461,8,1968,399,2367,TRUE,784,399,-385
4530462,4,677,189,866,TRUE,243,189,-54
4530462,8,782,170,952,TRUE,305,170,-135
4530463,4,1193,651,1844,TRUE,270,651,381
4530463,8,1489,512,2001,TRUE,488,512,24
4550001,4,198,436,634,FALSE,198,118,-80
4550001,8,144,389,533,FALSE,144,122,-22
4550002,4,125,232,357,FALSE,125,53,-72
4550002,8,100,255,355,FALSE,100,77,-23
4550003,4,129,147,276,FALSE,129,8,-121
4550003,8,85,142,227,FALSE,85,28,-57
4550004,4,61,151,212,FALSE,61,44,-17
4550004,8,32,130,162,FALSE,32,48,16
4550005,4,55,101,156,FALSE,55,22,-33
4550005,8,27,107,134,FALSE,27,39,12
4550006,4,31,111,142,FALSE,31,39,8
4550006,8,23,99,122,FALSE,23,37,14
4550007,4,42,104,146,FALSE,42,30,-12
4550007,8,27,134,161,FALSE,27,53,26
4550008,4,82,214,296,FALSE,82,65,-17
4550008,8,49,227,276,FALSE,49,88,39
4550009,4,147,343,490,FALSE,147,97,-50
4550009,8,77,237,314,FALSE,77,79,2
4550010,4,55,181,236,FALSE,55,62,7
4550010,8,62,187,249,FALSE,62,62,0
4550011,4,268,524,792,FALSE,268,127,-141
4550011,8,270,748,1018,FALSE,270,238,-32
4550012,4,33,50,83,FALSE,33,8,-25
4550012,8,30,48,78,FALSE,30,8,-22
4550014,4,131,233,364,FALSE,131,50,-81
4550014,8,123,289,412,FALSE,123,82,-41
4550015,4,27,57,84,FALSE,27,14,-13
4550015,8,21,63,84,FALSE,21,20,-1
4550016,4,92,143,235,FALSE,92,25,-67
4550016,8,82,113,195,FALSE,82,15,-67
4550017,4,350,341,691,TRUE,4,341,337
4550017,8,438,229,667,TRUE,104,229,125
4550018,4,89,36,125,TRUE,26,36,10
4550018,8,89,37,126,TRUE,25,37,12
4550019,4,262,536,798,FALSE,262,136,-126
4550019,8,222,618,840,FALSE,222,197,-25
4550020,4,27,43,70,FALSE,27,7,-20
4550020,8,24,41,65,FALSE,24,8,-16
4570001,4,163,385,548,FALSE,163,110,-53
4570001,8,138,431,569,FALSE,138,146,8
4570002,4,258,159,417,TRUE,49,159,110
4570002,8,281,170,451,TRUE,55,170,115
4570003,4,278,443,721,FALSE,278,82,-196
4570003,8,284,487,771,FALSE,284,101,-183
4570004,4,221,488,709,FALSE,221,133,-88
4570004,8,161,562,723,FALSE,161,200,39
4570005,4,90,60,150,TRUE,14,60,46
4570005,8,80,57,137,TRUE,11,57,46
4570006,4,70,227,297,FALSE,70,78,8
4570006,8,62,251,313,FALSE,62,94,32
4570007,4,63,281,344,FALSE,63,108,45
4570007,8,48,312,360,FALSE,48,131,83
4570008,4,38,78,116,FALSE,38,19,-19
4570008,8,18,96,114,FALSE,18,38,20
4570009,4,61,81,142,FALSE,61,9,-52
4570009,8,41,125,166,FALSE,41,41,0
4570010,4,256,668,924,FALSE,256,205,-51
4570010,8,214,701,915,FALSE,214,243,29
4570011,4,30,41,71,FALSE,30,5,-25
4570011,8,18,53,71,FALSE,18,17,-1
4570013,4,194,223,417,FALSE,194,14,-180
4570013,8,124,232,356,FALSE,124,53,-71
4570014,4,273,587,860,FALSE,273,156,-117
4570014,8,183,661,844,FALSE,183,238,55
4570015,4,209,295,504,FALSE,209,42,-167
4570015,8,123,351,474,FALSE,123,113,-10
4570016,4,86,217,303,FALSE,86,65,-21
4570016,8,60,255,315,FALSE,60,97,37
4570017,4,85,105,190,FALSE,85,9,-76
4570017,8,75,113,188,FALSE,75,18,-57
4570018,4,284,705,989,FALSE,284,210,-74
4570018,8,256,787,1043,FALSE,256,265,9
4590001,4,353,588,941,FALSE,353,117,-236
4590001,8,332,749,1081,FALSE,332,208,-124
4590004,4,252,1126,1378,FALSE,252,436,184
4590004,8,223,1265,1488,FALSE,223,520,297
4590005,4,191,641,832,FALSE,191,224,33
4590005,8,200,703,903,FALSE,200,251,51
4590006,4,208,374,582,FALSE,208,82,-126
4590006,8,188,429,617,FALSE,188,120,-68
4590007,4,316,501,817,FALSE,316,92,-224
4590007,8,289,568,857,FALSE,289,139,-150
4590008,4,134,452,586,FALSE,134,158,24
4590008,8,118,511,629,FALSE,118,196,78
4590009,4,516,871,1387,FALSE,516,177,-339
4590009,8,387,1109,1496,FALSE,387,360,-27
4590011,4,205,312,517,FALSE,205,53,-152
4590011,8,191,351,542,FALSE,191,79,-112
4590012,4,303,774,1077,FALSE,303,235,-68
4590012,8,305,847,1152,FALSE,305,270,-35
4590013,4,258,959,1217,FALSE,258,350,92
4590013,8,233,991,1224,FALSE,233,378,145
4590014,4,367,971,1338,FALSE,367,301,-66
4590014,8,355,978,1333,FALSE,355,311,-44
4590015,4,578,1401,1979,FALSE,578,411,-167
4590015,8,495,1349,1844,FALSE,495,426,-69
4590016,4,213,286,499,FALSE,213,36,-177
4590016,8,217,332,549,FALSE,217,57,-160
4590017,4,103,195,298,FALSE,103,45,-58
4590017,8,81,230,311,FALSE,81,74,-7
4590019,4,221,766,987,FALSE,221,272,51
4590019,8,176,810,986,FALSE,176,316,140
4610001,4,27,236,263,FALSE,27,104,77
4610001,8,46,240,286,FALSE,46,96,50
4610002,4,19,112,131,FALSE,19,46,27
4610002,8,30,102,132,FALSE,30,35,5
4610003,4,56,211,267,FALSE,56,77,21
4610003,8,84,154,238,FALSE,84,34,-50
4610004,4,45,299,344,FALSE,45,126,81
4610004,8,75,280,355,FALSE,75,102,27
4610005,4,10,59,69,FALSE,10,24,14
4610005,8,10,55,65,FALSE,10,22,12
4610006,4,28,92,120,FALSE,28,31,3
4610006,8,43,67,110,FALSE,43,11,-32
4630001,4,314,464,778,FALSE,314,74,-240
4630001,8,503,475,978,TRUE,13,475,462
4630002,4,241,526,767,FALSE,241,142,-99
4630002,8,404,459,863,FALSE,404,27,-377
4630003,4,42,324,366,FALSE,42,140,98
4630003,8,46,339,385,FALSE,46,146,100
4630004,4,40,244,284,FALSE,40,101,61
4630004,8,30,236,266,FALSE,30,102,72
4630005,4,180,640,820,FALSE,180,229,49
4630005,8,277,655,932,FALSE,277,188,-89
4630006,4,35,143,178,FALSE,35,53,18
4630006,8,50,148,198,FALSE,50,48,-2
4630007,4,25,198,223,FALSE,25,86,61
4630007,8,71,222,293,FALSE,71,75,4
4630008,4,347,458,805,FALSE,347,55,-292
4630008,8,470,372,842,TRUE,48,372,324
4630009,4,484,127,611,TRUE,178,127,-51
4630009,8,554,104,658,TRUE,224,104,-120
4630010,4,229,84,313,TRUE,72,84,12
4630010,8,259,59,318,TRUE,99,59,-40
4630011,4,66,224,290,FALSE,66,78,12
4630011,8,84,208,292,FALSE,84,61,-23
4630012,4,474,1101,1575,FALSE,474,313,-161
4630012,8,494,848,1342,FALSE,494,176,-318
4630013,4,794,540,1334,TRUE,126,540,414
4630013,8,859,397,1256,TRUE,230,397,167
4630014,4,27,75,102,FALSE,27,23,-4
4630014,8,25,68,93,FALSE,25,21,-4
NA,4,13,15,28,FALSE,13,0,-13
NA,8,19,12,31,TRUE,3,12,9
NA,4,326,359,685,FALSE,326,16,-310
NA,8,440,289,729,TRUE,75,289,214
4650011,4,547,337,884,TRUE,104,337,233
4650011,8,831,204,1035,TRUE,313,204,-109
4650012,4,61,106,167,FALSE,61,22,-39
4650012,8,82,63,145,TRUE,9,63,54
4650013,4,149,838,987,FALSE,149,344,195
4650013,8,238,628,866,FALSE,238,194,-44
4650020,4,33,119,152,FALSE,33,42,9
4650020,8,25,95,120,FALSE,25,34,9
4650021,4,331,253,584,TRUE,38,253,215
4650021,8,550,161,711,TRUE,194,161,-33
4650022,4,455,479,934,FALSE,455,11,-444
4650022,8,616,342,958,TRUE,136,342,206
4650023,4,34,119,153,FALSE,34,42,8
4650023,8,51,112,163,FALSE,51,30,-21
4650024,4,174,218,392,FALSE,174,21,-153
4650024,8,283,179,462,TRUE,51,179,128
4650030,4,425,647,1072,FALSE,425,110,-315
4650030,8,706,453,1159,TRUE,126,453,327
4650031,4,751,1646,2397,FALSE,751,447,-304
4650031,8,1089,1557,2646,FALSE,1089,233,-856
4650032,4,42,153,195,FALSE,42,55,13
4650032,8,60,155,215,FALSE,60,47,-13
4650033,4,151,545,696,FALSE,151,196,45
4650033,8,262,622,884,FALSE,262,179,-83
4650040,4,1060,771,1831,TRUE,144,771,627
4650040,8,1402,616,2018,TRUE,392,616,224
NA,4,18,25,43,FALSE,18,3,-15
NA,8,25,16,41,TRUE,4,16,12
NA,4,177,277,454,FALSE,177,49,-128
NA,8,290,183,473,TRUE,53,183,130
4650042,4,2,29,31,FALSE,2,13,11
4650042,8,1,34,35,FALSE,1,16,15
4650043,4,8,32,40,FALSE,8,11,3
4650043,8,12,31,43,FALSE,12,9,-3
4670001,4,180,559,739,FALSE,180,189,9
4670001,8,157,583,740,FALSE,157,212,55
4670002,4,89,295,384,FALSE,89,102,13
4670002,8,87,328,415,FALSE,87,120,33
4670003,4,257,841,1098,FALSE,257,291,34
4670003,8,230,968,1198,FALSE,230,368,138
4670004,4,141,555,696,FALSE,141,206,65
4670004,8,147,582,729,FALSE,147,217,70
4670005,4,322,647,969,FALSE,322,162,-160
4670005,8,352,645,997,FALSE,352,146,-206
4670006,4,477,1338,1815,FALSE,477,430,-47
4670006,8,388,1385,1773,FALSE,388,498,110
4670007,4,285,1287,1572,FALSE,285,500,215
4670007,8,241,1247,1488,FALSE,241,502,261
4670008,4,426,1298,1724,FALSE,426,435,9
4670008,8,434,1365,1799,FALSE,434,465,31
4670009,4,109,413,522,FALSE,109,151,42
4670009,8,108,459,567,FALSE,108,175,67
4670010,4,350,1162,1512,FALSE,350,405,55
4670010,8,308,1250,1558,FALSE,308,470,162
4670011,4,202,539,741,FALSE,202,168,-34
4670011,8,201,585,786,FALSE,201,191,-10
4670012,4,351,1369,1720,FALSE,351,508,157
4670012,8,328,1456,1784,FALSE,328,563,235
4670013,4,557,1308,1865,FALSE,557,375,-182
4670013,8,507,1378,1885,FALSE,507,435,-72
4670018,4,101,505,606,FALSE,101,201,100
4670018,8,118,590,708,FALSE,118,235,117
4670019,4,91,314,405,FALSE,91,111,20
4670019,8,97,309,406,FALSE,97,105,8
4670020,4,210,447,657,FALSE,210,118,-92
4670020,8,208,517,725,FALSE,208,154,-54
4670021,4,74,299,373,FALSE,74,112,38
4670021,8,71,331,402,FALSE,71,129,58
4670023,4,151,361,512,FALSE,151,104,-47
4670023,8,134,353,487,FALSE,134,109,-25
4670024,4,189,774,963,FALSE,189,292,103
4670024,8,173,828,1001,FALSE,173,327,154
4670026,4,52,213,265,FALSE,52,80,28
4670026,8,36,199,235,FALSE,36,81,45
4670028,4,208,459,667,FALSE,208,125,-83
4670028,8,180,376,556,FALSE,180,97,-83
4690001,4,162,139,301,TRUE,11,139,128
4690001,8,186,105,291,TRUE,40,105,65
4690002,4,192,390,582,FALSE,192,98,-94
4690002,8,225,343,568,FALSE,225,58,-167
4690003,4,198,531,729,FALSE,198,166,-32
4690003,8,247,481,728,FALSE,247,116,-131
4690004,4,360,317,677,TRUE,21,317,296
4690004,8,401,219,620,TRUE,90,219,129
4690005,4,376,336,712,TRUE,19,336,317
4690005,8,420,222,642,TRUE,98,222,124
4690006,4,158,436,594,FALSE,158,138,-20
4690006,8,186,400,586,FALSE,186,106,-80
4690007,4,582,484,1066,TRUE,48,484,436
4690007,8,721,367,1088,TRUE,176,367,191
4690008,4,400,670,1070,FALSE,400,134,-266
4690008,8,489,579,1068,FALSE,489,44,-445
4690009,4,312,999,1311,FALSE,312,343,31
4690009,8,364,881,1245,FALSE,364,258,-106
4690010,4,447,1109,1556,FALSE,447,330,-117
4690010,8,544,1010,1554,FALSE,544,232,-312
4690011,4,49,139,188,FALSE,49,44,-5
4690011,8,53,171,224,FALSE,53,58,5
4690012,4,164,142,306,TRUE,10,142,132
4690012,8,214,137,351,TRUE,38,137,99
4690013,4,340,344,684,FALSE,340,1,-339
4690013,8,396,308,704,TRUE,43,308,265
4690014,4,218,533,751,FALSE,218,157,-61
4690014,8,212,530,742,FALSE,212,158,-54
4690015,4,22,51,73,FALSE,22,14,-8
4690015,8,17,52,69,FALSE,17,17,0
4690016,4,63,183,246,FALSE,63,59,-4
4690016,8,65,178,243,FALSE,65,56,-9
4690017,4,208,430,638,FALSE,208,110,-98
4690017,8,251,362,613,FALSE,251,55,-196
4690018,4,360,1187,1547,FALSE,360,413,53
4690018,8,387,1186,1573,FALSE,387,399,12
4690019,4,420,891,1311,FALSE,420,235,-185
4690019,8,487,873,1360,FALSE,487,192,-295
4690020,4,158,541,699,FALSE,158,191,33
4690020,8,203,637,840,FALSE,203,216,13
4690021,4,458,1811,2269,FALSE,458,676,218
4690021,8,505,1741,2246,FALSE,505,617,112
4690022,4,179,770,949,FALSE,179,295,116
4690022,8,158,816,974,FALSE,158,328,170
4690023,4,168,756,924,FALSE,168,293,125
4690023,8,193,740,933,FALSE,193,273,80
4690024,4,97,646,743,FALSE,97,274,177
4690024,8,119,694,813,FALSE,119,287,168
4690025,4,496,1458,1954,FALSE,496,480,-16
4690025,8,603,1395,1998,FALSE,603,395,-208
4690026,4,123,356,479,FALSE,123,116,-7
4690026,8,130,343,473,FALSE,130,106,-24
4690027,4,117,608,725,FALSE,117,245,128
4690027,8,111,661,772,FALSE,111,274,163
4690028,4,36,230,266,FALSE,36,96,60
4690028,8,47,245,292,FALSE,47,98,51
4690029,4,421,1474,1895,FALSE,421,526,105
4690029,8,465,1446,1911,FALSE,465,490,25
4690030,4,128,236,364,FALSE,128,53,-75
4690030,8,125,219,344,FALSE,125,46,-79
4690031,4,79,406,485,FALSE,79,163,84
4690031,8,70,430,500,FALSE,70,179,109
4690032,4,311,337,648,FALSE,311,12,-299
4690032,8,361,253,614,TRUE,53,253,200
4690033,4,310,1688,1998,FALSE,310,688,378
4690033,8,387,1663,2050,FALSE,387,637,250
4690034,4,324,176,500,TRUE,73,176,103
4690034,8,354,141,495,TRUE,106,141,35
4690035,4,117,71,188,TRUE,22,71,49
4690035,8,136,50,186,TRUE,42,50,8
470001,4,184,80,264,TRUE,51,80,29
470001,8,137,32,169,TRUE,52,32,-20
470002,4,411,192,603,TRUE,109,192,83
470002,8,341,82,423,TRUE,129,82,-47
470003,4,320,152,472,TRUE,83,152,69
470003,8,330,120,450,TRUE,104,120,16
470004,4,95,42,137,TRUE,26,42,16
470004,8,99,37,136,TRUE,30,37,7
470005,4,48,22,70,TRUE,12,22,10
470005,8,48,17,65,TRUE,15,17,2
470006,4,304,145,449,TRUE,79,145,66
470006,8,333,94,427,TRUE,119,94,-25
470007,4,70,30,100,TRUE,19,30,11
470007,8,73,25,98,TRUE,23,25,2
470008,4,206,96,302,TRUE,54,96,42
470008,8,202,78,280,TRUE,61,78,17
470009,4,185,86,271,TRUE,49,86,37
470009,8,184,71,255,TRUE,56,71,15
4710101,4,327,229,556,TRUE,48,229,181
4710101,8,394,204,598,TRUE,94,204,110
4710102,4,635,1206,1841,FALSE,635,285,-350
4710102,8,899,1111,2010,FALSE,899,105,-794
4710103,4,253,662,915,FALSE,253,204,-49
4710103,8,318,667,985,FALSE,318,174,-144
4710104,4,227,845,1072,FALSE,227,308,81
4710104,8,262,852,1114,FALSE,262,294,32
4710201,4,562,992,1554,FALSE,562,214,-348
4710201,8,801,954,1755,FALSE,801,76,-725
4710203,4,118,231,349,FALSE,118,56,-62
4710203,8,102,247,349,FALSE,102,72,-30
4710204,4,545,839,1384,FALSE,545,146,-399
4710204,8,598,871,1469,FALSE,598,136,-462
4710205,4,356,1481,1837,FALSE,356,562,206
4710205,8,406,1468,1874,FALSE,406,530,124
4710206,4,209,286,495,FALSE,209,38,-171
4710206,8,245,274,519,FALSE,245,14,-231
4710301,4,662,460,1122,TRUE,100,460,360
4710301,8,817,431,1248,TRUE,192,431,239
4710302,4,62,184,246,FALSE,62,60,-2
4710302,8,83,165,248,FALSE,83,40,-43
4710303,4,124,229,353,FALSE,124,52,-72
4710303,8,138,237,375,FALSE,138,49,-89
4710304,4,527,1315,1842,FALSE,527,393,-134
4710304,8,554,1325,1879,FALSE,554,385,-169
4710305,4,38,67,105,FALSE,38,14,-24
4710305,8,21,80,101,FALSE,21,29,8
4710401,4,569,885,1454,FALSE,569,157,-412
4710401,8,851,747,1598,TRUE,51,747,696
4710402,4,86,243,329,FALSE,86,78,-8
4710402,8,78,241,319,FALSE,78,81,3
4710403,4,92,240,332,FALSE,92,73,-19
4710403,8,176,372,548,FALSE,176,97,-79
4710404,4,605,1316,1921,FALSE,605,355,-250
4710404,8,590,1373,1963,FALSE,590,391,-199
4730101,4,372,678,1050,FALSE,372,152,-220
4730101,8,378,688,1066,FALSE,378,154,-224
4730102,4,407,308,715,TRUE,49,308,259
4730102,8,487,337,824,TRUE,74,337,263
4730103,4,369,371,740,FALSE,369,0,-369
4730103,8,390,373,763,TRUE,8,373,365
4730104,4,185,261,446,FALSE,185,37,-148
4730104,8,217,265,482,FALSE,217,23,-194
4730205,4,112,396,508,FALSE,112,141,29
4730205,8,111,464,575,FALSE,111,176,65
4730206,4,198,822,1020,FALSE,198,311,113
4730206,8,202,910,1112,FALSE,202,353,151
4730207,4,258,1099,1357,FALSE,258,420,162
4730207,8,286,1284,1570,FALSE,286,498,212
4730208,4,250,498,748,FALSE,250,123,-127
4730208,8,288,537,825,FALSE,288,124,-164
4730309,4,2034,54,2088,TRUE,989,54,-935
4730309,8,2519,34,2553,TRUE,1242,34,-1208
4730310,4,558,157,715,TRUE,200,157,-43
4730310,8,621,120,741,TRUE,250,120,-130
4730311,4,125,214,339,FALSE,125,44,-81
4730311,8,114,259,373,FALSE,114,72,-42
4730312,4,158,697,855,FALSE,158,269,111
4730312,8,171,817,988,FALSE,171,322,151
4730313,4,57,177,234,FALSE,57,59,2
4730313,8,78,182,260,FALSE,78,51,-27
4730414,4,101,93,194,TRUE,3,93,90
4730414,8,132,83,215,TRUE,24,83,59
4730415,4,184,485,669,FALSE,184,150,-34
4730415,8,178,526,704,FALSE,178,173,-5
4730416,4,303,405,708,FALSE,303,50,-253
4730416,8,383,320,703,TRUE,31,320,289
4730417,4,314,345,659,FALSE,314,15,-299
4730417,8,474,224,698,TRUE,124,224,100
4730418,4,160,619,779,FALSE,160,229,69
4730418,8,124,842,966,FALSE,124,358,234
4750002,4,167,1041,1208,FALSE,167,436,269
4750002,8,201,1035,1236,FALSE,201,416,215
NA,4,252,335,587,FALSE,252,41,-211
NA,8,252,288,540,FALSE,252,17,-235
NA,4,0,0,0,FALSE,0,-1,-1
NA,8,0,0,0,FALSE,0,-1,-1
NA,4,97,78,175,TRUE,9,78,69
NA,8,84,71,155,TRUE,6,71,65
NA,4,166,658,824,FALSE,166,245,79
NA,8,148,615,763,FALSE,148,233,85
NA,4,41,156,197,FALSE,41,57,16
NA,8,32,140,172,FALSE,32,53,21
475004,4,111,409,520,FALSE,111,148,37
475004,8,124,350,474,FALSE,124,112,-12
NA,4,43,133,176,FALSE,43,44,1
NA,8,34,119,153,FALSE,34,42,8
NA,4,24,46,70,FALSE,24,10,-14
NA,8,24,49,73,FALSE,24,12,-12
4770101,4,237,264,501,FALSE,237,13,-224
4770101,8,271,314,585,FALSE,271,21,-250
4770102,4,142,263,405,FALSE,142,60,-82
4770102,8,158,267,425,FALSE,158,54,-104
4770104,4,619,215,834,TRUE,201,215,14
4770104,8,723,192,915,TRUE,265,192,-73
4770109,4,85,352,437,FALSE,85,133,48
4770109,8,94,388,482,FALSE,94,146,52
4770115,4,40,259,299,FALSE,40,109,69
4770115,8,53,278,331,FALSE,53,112,59
4770116,4,98,15,113,TRUE,41,15,-26
4770116,8,80,21,101,TRUE,29,21,-8
4770121,4,19,54,73,FALSE,19,17,-2
4770121,8,35,46,81,FALSE,35,5,-30
4770122,4,35,10,45,TRUE,12,10,-2
4770122,8,52,17,69,TRUE,17,17,0
4770124,4,6,17,23,FALSE,6,5,-1
4770124,8,6,17,23,FALSE,6,5,-1
4770126,4,5,1,6,TRUE,1,1,0
4770126,8,12,3,15,TRUE,4,3,-1
4770133,4,0,0,0,FALSE,0,-1,-1
4770133,8,0,0,0,FALSE,0,-1,-1
4770203,4,303,711,1014,FALSE,303,203,-100
4770203,8,347,826,1173,FALSE,347,239,-108
4770205,4,283,1081,1364,FALSE,283,398,115
4770205,8,362,1215,1577,FALSE,362,426,64
4770208,4,88,398,486,FALSE,88,154,66
4770208,8,116,416,532,FALSE,116,149,33
4770217,4,129,540,669,FALSE,129,205,76
4770217,8,152,593,745,FALSE,152,220,68
4770231,4,0,4,4,FALSE,0,1,1
4770231,8,2,4,6,FALSE,2,0,-2
4770232,4,2,15,17,FALSE,2,6,4
4770232,8,16,42,58,FALSE,16,12,-4
4770307,4,184,608,792,FALSE,184,211,27
4770307,8,231,618,849,FALSE,231,193,-38
4770311,4,96,564,660,FALSE,96,233,137
4770311,8,117,605,722,FALSE,117,243,126
4770312,4,121,457,578,FALSE,121,167,46
4770312,8,164,541,705,FALSE,164,188,24
4770319,4,14,18,32,FALSE,14,1,-13
4770319,8,6,14,20,FALSE,6,3,-3
4770320,4,54,157,211,FALSE,54,51,-3
4770320,8,71,138,209,FALSE,71,33,-38
4770327,4,183,1024,1207,FALSE,183,420,237
4770327,8,190,1008,1198,FALSE,190,408,218
4770406,4,245,905,1150,FALSE,245,329,84
4770406,8,299,880,1179,FALSE,299,290,-9
4770410,4,194,547,741,FALSE,194,176,-18
4770410,8,232,571,803,FALSE,232,169,-63
4770413,4,47,367,414,FALSE,47,159,112
4770413,8,60,418,478,FALSE,60,178,118
4770414,4,53,450,503,FALSE,53,198,145
4770414,8,68,472,540,FALSE,68,201,133
4770418,4,24,66,90,FALSE,24,20,-4
4770418,8,30,56,86,FALSE,30,12,-18
4770423,4,22,59,81,FALSE,22,18,-4
4770423,8,18,47,65,FALSE,18,14,-4
4770425,4,56,162,218,FALSE,56,52,-4
4770425,8,65,157,222,FALSE,65,45,-20
NA,4,5,14,19,FALSE,5,4,-1
NA,8,4,10,14,FALSE,4,2,-2
NA,4,0,0,0,FALSE,0,-1,-1
NA,8,0,0,0,FALSE,0,-1,-1
4770429,4,0,0,0,FALSE,0,-1,-1
4770429,8,0,0,0,FALSE,0,-1,-1
4770430,4,0,0,0,FALSE,0,-1,-1
4770430,8,0,2,2,FALSE,0,0,0
4790122,4,401,283,684,TRUE,58,283,225
4790122,8,428,183,611,TRUE,122,183,61
4790124,4,600,310,910,TRUE,144,310,166
4790124,8,749,185,934,TRUE,281,185,-96
4790128,4,133,86,219,TRUE,23,86,63
4790128,8,199,44,243,TRUE,77,44,-33
4790129,4,620,317,937,TRUE,151,317,166
4790129,8,945,166,1111,TRUE,389,166,-223
4790130,4,794,449,1243,TRUE,172,449,277
4790130,8,1485,257,1742,TRUE,613,257,-356
4790132,4,474,264,738,TRUE,104,264,160
4790132,8,867,203,1070,TRUE,331,203,-128
4790133,4,634,371,1005,TRUE,131,371,240
4790133,8,1046,229,1275,TRUE,408,229,-179
4790134,4,330,187,517,TRUE,71,187,116
4790134,8,524,93,617,TRUE,215,93,-122
4790135,4,203,103,306,TRUE,49,103,54
4790135,8,376,66,442,TRUE,154,66,-88
4790212,4,365,220,585,TRUE,72,220,148
4790212,8,427,114,541,TRUE,156,114,-42
4790215,4,523,292,815,TRUE,115,292,177
4790215,8,506,181,687,TRUE,162,181,19
4790218,4,670,481,1151,TRUE,94,481,387
4790218,8,736,335,1071,TRUE,200,335,135
4790219,4,503,382,885,TRUE,60,382,322
4790219,8,509,280,789,TRUE,114,280,166
4790220,4,324,209,533,TRUE,57,209,152
4790220,8,376,91,467,TRUE,142,91,-51
4790221,4,426,347,773,TRUE,39,347,308
4790221,8,449,266,715,TRUE,91,266,175
4790225,4,249,137,386,TRUE,55,137,82
4790225,8,381,96,477,TRUE,142,96,-46
4790226,4,437,316,753,TRUE,60,316,256
4790226,8,734,209,943,TRUE,262,209,-53
4790227,4,66,46,112,TRUE,9,46,37
4790227,8,200,60,260,TRUE,69,60,-9
4790231,4,906,654,1560,TRUE,125,654,529
4790231,8,1677,460,2137,TRUE,608,460,-148
4790236,4,53,67,120,FALSE,53,6,-47
4790236,8,129,66,195,TRUE,31,66,35
4790237,4,167,101,268,TRUE,32,101,69
4790237,8,286,118,404,TRUE,83,118,35
4790238,4,27,20,47,TRUE,3,20,17
4790238,8,45,15,60,TRUE,14,15,1
4790239,4,797,600,1397,TRUE,98,600,502
4790239,8,1132,573,1705,TRUE,279,573,294
4790250,4,487,361,848,TRUE,62,361,299
4790250,8,957,321,1278,TRUE,317,321,4
4790254,4,145,94,239,TRUE,25,94,69
4790254,8,180,57,237,TRUE,61,57,-4
4790255,4,164,185,349,FALSE,164,10,-154
4790255,8,381,205,586,TRUE,87,205,118
4790308,4,764,595,1359,TRUE,84,595,511
4790308,8,896,405,1301,TRUE,245,405,160
4790309,4,950,716,1666,TRUE,116,716,600
4790309,8,1077,489,1566,TRUE,293,489,196
4790310,4,609,376,985,TRUE,116,376,260
4790310,8,722,211,933,TRUE,255,211,-44
4790311,4,514,296,810,TRUE,108,296,188
4790311,8,639,202,841,TRUE,218,202,-16
4790313,4,411,188,599,TRUE,111,188,77
4790313,8,433,106,539,TRUE,163,106,-57
4790340,4,518,827,1345,FALSE,518,154,-364
4790340,8,656,692,1348,FALSE,656,17,-639
4790341,4,278,459,737,FALSE,278,90,-188
4790341,8,294,406,700,FALSE,294,55,-239
4790342,4,416,417,833,FALSE,416,0,-416
4790342,8,579,293,872,TRUE,142,293,151
4790343,4,680,706,1386,FALSE,680,12,-668
4790343,8,910,530,1440,TRUE,189,530,341
4790344,4,774,1139,1913,FALSE,774,182,-592
4790344,8,1189,1136,2325,TRUE,26,1136,1110
4790345,4,772,860,1632,FALSE,772,43,-729
4790345,8,1717,959,2676,TRUE,378,959,581
4790353,4,338,163,501,TRUE,87,163,76
4790353,8,396,69,465,TRUE,163,69,-94
4790356,4,0,2,2,FALSE,0,0,0
4790356,8,25,29,54,FALSE,25,1,-24
4790359,4,640,713,1353,FALSE,640,36,-604
4790359,8,980,519,1499,TRUE,230,519,289
4790401,4,445,235,680,TRUE,104,235,131
4790401,8,508,138,646,TRUE,184,138,-46
4790402,4,459,274,733,TRUE,92,274,182
4790402,8,516,133,649,TRUE,191,133,-58
4790403,4,344,184,528,TRUE,79,184,105
4790403,8,385,83,468,TRUE,150,83,-67
4790404,4,453,212,665,TRUE,120,212,92
4790404,8,481,157,638,TRUE,161,157,-4
4790405,4,538,313,851,TRUE,112,313,201
4790405,8,740,159,899,TRUE,290,159,-131
4790406,4,388,234,622,TRUE,76,234,158
4790406,8,474,127,601,TRUE,173,127,-46
4790407,4,94,78,172,TRUE,7,78,71
4790407,8,141,35,176,TRUE,52,35,-17
4790414,4,323,159,482,TRUE,81,159,78
4790414,8,318,77,395,TRUE,120,77,-43
4790416,4,359,136,495,TRUE,111,136,25
4790416,8,341,75,416,TRUE,132,75,-57
4790417,4,218,152,370,TRUE,32,152,120
4790417,8,208,106,314,TRUE,50,106,56
4790423,4,296,148,444,TRUE,73,148,75
4790423,8,366,90,456,TRUE,137,90,-47
4790446,4,744,546,1290,TRUE,98,546,448
4790446,8,1147,329,1476,TRUE,408,329,-79
4790447,4,215,281,496,FALSE,215,32,-183
4790447,8,390,220,610,TRUE,84,220,136
4790448,4,47,59,106,FALSE,47,5,-42
4790448,8,262,125,387,TRUE,68,125,57
4790449,4,7,16,23,FALSE,7,4,-3
4790449,8,11,14,25,FALSE,11,1,-10
4790451,4,115,86,201,TRUE,14,86,72
4790451,8,145,54,199,TRUE,45,54,9
4790452,4,115,53,168,TRUE,30,53,23
4790452,8,113,27,140,TRUE,42,27,-15
4790457,4,15,19,34,FALSE,15,1,-14
4790457,8,13,30,43,FALSE,13,8,-5
4790458,4,317,229,546,TRUE,43,229,186
4790458,8,656,221,877,TRUE,217,221,4
NA,4,273,487,760,FALSE,273,106,-167
NA,8,303,473,776,FALSE,303,84,-219
NA,4,206,374,580,FALSE,206,83,-123
NA,8,232,372,604,FALSE,232,69,-163
4810102,4,406,1256,1662,FALSE,406,424,18
4810102,8,403,1161,1564,FALSE,403,378,-25
4810103,4,305,764,1069,FALSE,305,229,-76
4810103,8,310,766,1076,FALSE,310,227,-83
4810201,4,393,1194,1587,FALSE,393,400,7
4810201,8,339,1235,1574,FALSE,339,447,108
4810202,4,406,173,579,TRUE,116,173,57
4810202,8,462,147,609,TRUE,157,147,-10
4810203,4,983,679,1662,TRUE,151,679,528
4810203,8,1123,656,1779,TRUE,233,656,423
4810301,4,268,1141,1409,FALSE,268,436,168
4810301,8,241,1274,1515,FALSE,241,516,275
4810302,4,309,1012,1321,FALSE,309,351,42
4810302,8,309,982,1291,FALSE,309,336,27
4810303,4,216,912,1128,FALSE,216,347,131
4810303,8,219,983,1202,FALSE,219,381,162
4810401,4,554,647,1201,FALSE,554,46,-508
4810401,8,600,675,1275,FALSE,600,37,-563
4810402,4,222,426,648,FALSE,222,101,-121
4810402,8,223,472,695,FALSE,223,124,-99
4810403,4,161,223,384,FALSE,161,30,-131
4810403,8,173,235,408,FALSE,173,30,-143
4830001,4,7,141,148,FALSE,7,66,59
4830001,8,5,134,139,FALSE,5,64,59
4830002,4,47,355,402,FALSE,47,153,106
4830002,8,43,319,362,FALSE,43,137,94
4830003,4,64,357,421,FALSE,64,146,82
4830003,8,53,312,365,FALSE,53,129,76
4830004,4,32,71,103,FALSE,32,19,-13
4830004,8,20,91,111,FALSE,20,35,15
4830005,4,13,53,66,FALSE,13,19,6
4830005,8,10,56,66,FALSE,10,22,12
4830006,4,20,67,87,FALSE,20,23,3
4830006,8,19,78,97,FALSE,19,29,10
4830007,4,6,73,79,FALSE,6,33,27
4830007,8,1,80,81,FALSE,1,39,38
4830008,4,99,296,395,FALSE,99,98,-1
4830008,8,67,286,353,FALSE,67,109,42
4830009,4,123,465,588,FALSE,123,170,47
4830009,8,91,493,584,FALSE,91,200,109
4830010,4,9,82,91,FALSE,9,36,27
4830010,8,5,69,74,FALSE,5,31,26
4850010,4,470,1350,1820,FALSE,470,439,-31
4850010,8,524,1284,1808,FALSE,524,379,-145
4850011,4,329,1247,1576,FALSE,329,458,129
4850011,8,396,1404,1800,FALSE,396,503,107
4850012,4,385,1465,1850,FALSE,385,539,154
4850012,8,435,1359,1794,FALSE,435,461,26
4850013,4,725,1730,2455,FALSE,725,502,-223
4850013,8,748,1642,2390,FALSE,748,446,-302
4850014,4,82,277,359,FALSE,82,97,15
4850014,8,62,298,360,FALSE,62,117,55
4850015,4,642,1759,2401,FALSE,642,558,-84
4850015,8,658,1760,2418,FALSE,658,550,-108
4850016,4,567,1693,2260,FALSE,567,562,-5
4850016,8,622,1652,2274,FALSE,622,514,-108
4850017,4,58,138,196,FALSE,58,39,-19
4850017,8,65,163,228,FALSE,65,48,-17
4850018,4,455,1467,1922,FALSE,455,505,50
4850018,8,608,1601,2209,FALSE,608,496,-112
4850020,4,403,914,1317,FALSE,403,255,-148
4850020,8,468,861,1329,FALSE,468,196,-272
4850021,4,452,904,1356,FALSE,452,225,-227
4850021,8,524,714,1238,FALSE,524,94,-430
4850022,4,513,1442,1955,FALSE,513,464,-49
4850022,8,690,1345,2035,FALSE,690,327,-363
4850023,4,426,1417,1843,FALSE,426,495,69
4850023,8,381,1426,1807,FALSE,381,522,141
4850024,4,430,1572,2002,FALSE,430,570,140
4850024,8,433,1720,2153,FALSE,433,643,210
4850025,4,336,1202,1538,FALSE,336,432,96
4850025,8,178,459,637,FALSE,178,140,-38
4850030,4,407,60,467,TRUE,173,60,-113
4850030,8,491,83,574,TRUE,203,83,-120
4850031,4,727,861,1588,FALSE,727,66,-661
4850031,8,763,794,1557,FALSE,763,15,-748
4850032,4,449,2025,2474,FALSE,449,787,338
4850032,8,464,2109,2573,FALSE,464,822,358
4850033,4,178,711,889,FALSE,178,266,88
4850033,8,149,693,842,FALSE,149,271,122
4850034,4,268,322,590,FALSE,268,26,-242
4850034,8,285,286,571,FALSE,285,0,-285
4850035,4,122,128,250,FALSE,122,2,-120
4850035,8,141,116,257,TRUE,12,116,104
4850036,4,104,161,265,FALSE,104,28,-76
4850036,8,102,152,254,FALSE,102,24,-78
4850037,4,473,84,557,TRUE,194,84,-110
4850037,8,534,67,601,TRUE,233,67,-166
4850038,4,398,179,577,TRUE,109,179,70
4850038,8,507,119,626,TRUE,193,119,-74
4850039,4,122,401,523,FALSE,122,139,17
4850039,8,107,411,518,FALSE,107,151,44
4850040,4,502,884,1386,FALSE,502,190,-312
4850040,8,522,830,1352,FALSE,522,153,-369
NA,4,299,539,838,FALSE,299,119,-180
NA,8,272,502,774,FALSE,272,114,-158
NA,4,156,286,442,FALSE,156,64,-92
NA,8,144,262,406,FALSE,144,58,-86
4850042,4,337,864,1201,FALSE,337,263,-74
4850042,8,364,802,1166,FALSE,364,218,-146
4850043,4,414,1517,1931,FALSE,414,551,137
4850043,8,534,1478,2012,FALSE,534,471,-63
4850044,4,476,1283,1759,FALSE,476,403,-73
4850044,8,458,1195,1653,FALSE,458,368,-90
4850045,4,444,1578,2022,FALSE,444,566,122
4850045,8,501,1705,2206,FALSE,501,601,100
4850046,4,483,1585,2068,FALSE,483,550,67
4850046,8,448,1229,1677,FALSE,448,390,-58
4850047,4,67,298,365,FALSE,67,115,48
4850047,8,65,360,425,FALSE,65,147,82
4850048,4,185,533,718,FALSE,185,173,-12
4850048,8,147,500,647,FALSE,147,176,29
4850049,4,105,348,453,FALSE,105,121,16
4850049,8,83,350,433,FALSE,83,133,50
NA,4,151,485,636,FALSE,151,166,15
NA,8,150,495,645,FALSE,150,172,22
NA,4,17,81,98,FALSE,17,31,14
NA,8,14,63,77,FALSE,14,24,10
4870007,4,47,235,282,FALSE,47,93,46
4870007,8,25,231,256,FALSE,25,102,77
4870009,4,179,528,707,FALSE,179,174,-5
4870009,8,160,457,617,FALSE,160,148,-12
4870019,4,369,750,1119,FALSE,369,190,-179
4870019,8,400,652,1052,FALSE,400,125,-275
4870020,4,263,734,997,FALSE,263,235,-28
4870020,8,221,443,664,FALSE,221,110,-111
4870021,4,258,872,1130,FALSE,258,306,48
4870021,8,226,942,1168,FALSE,226,357,131
4890001,4,487,266,753,TRUE,110,266,156
4890001,8,541,143,684,TRUE,198,143,-55
4890002,4,349,267,616,TRUE,40,267,227
4890002,8,404,158,562,TRUE,122,158,36
4890003,4,160,202,362,FALSE,160,20,-140
4890003,8,250,141,391,TRUE,54,141,87
4890004,4,397,252,649,TRUE,72,252,180
4890004,8,512,187,699,TRUE,162,187,25
4890005,4,264,136,400,TRUE,63,136,73
4890005,8,338,80,418,TRUE,128,80,-48
4890006,4,128,104,232,TRUE,11,104,93
4890006,8,161,76,237,TRUE,42,76,34
4890007,4,323,364,687,FALSE,323,20,-303
4890007,8,396,232,628,TRUE,81,232,151
4890008,4,199,169,368,TRUE,14,169,155
4890008,8,268,96,364,TRUE,85,96,11
4890009,4,238,167,405,TRUE,35,167,132
4890009,8,295,102,397,TRUE,96,102,6
4890010,4,53,120,173,FALSE,53,33,-20
4890010,8,52,127,179,FALSE,52,37,-15
4890011,4,98,142,240,FALSE,98,21,-77
4890011,8,141,97,238,TRUE,21,97,76
4890012,4,38,20,58,TRUE,8,20,12
4890012,8,51,17,68,TRUE,16,17,1
490101,4,249,1302,1551,FALSE,249,526,277
490101,8,305,1358,1663,FALSE,305,526,221
490105,4,172,1006,1178,FALSE,172,416,244
490105,8,192,973,1165,FALSE,192,390,198
490109,4,19,185,204,FALSE,19,82,63
490109,8,22,191,213,FALSE,22,84,62
490113,4,170,966,1136,FALSE,170,397,227
490113,8,235,920,1155,FALSE,235,342,107
490202,4,160,543,703,FALSE,160,191,31
490202,8,179,456,635,FALSE,179,138,-41
490204,4,225,656,881,FALSE,225,215,-10
490204,8,307,572,879,FALSE,307,132,-175
490212,4,93,356,449,FALSE,93,131,38
490212,8,84,401,485,FALSE,84,158,74
490214,4,105,315,420,FALSE,105,104,-1
490214,8,91,331,422,FALSE,91,119,28
490215,4,25,154,179,FALSE,25,64,39
490215,8,22,159,181,FALSE,22,68,46
490303,4,150,713,863,FALSE,150,281,131
490303,8,181,651,832,FALSE,181,234,53
490306,4,185,1049,1234,FALSE,185,431,246
490306,8,247,1357,1604,FALSE,247,554,307
490307,4,78,415,493,FALSE,78,168,90
490307,8,72,396,468,FALSE,72,161,89
490308,4,54,248,302,FALSE,54,96,42
490308,8,62,448,510,FALSE,62,192,130
490316,4,19,129,148,FALSE,19,54,35
490316,8,20,145,165,FALSE,20,62,42
490318,4,170,825,995,FALSE,170,327,157
490318,8,162,904,1066,FALSE,162,370,208
490410,4,252,1190,1442,FALSE,252,468,216
490410,8,243,1228,1471,FALSE,243,492,249
490411,4,172,599,771,FALSE,172,213,41
490411,8,181,522,703,FALSE,181,170,-11
490417,4,225,989,1214,FALSE,225,381,156
490417,8,217,1040,1257,FALSE,217,411,194
4910119,4,662,1215,1877,FALSE,662,276,-386
4910119,8,898,1065,1963,FALSE,898,83,-815
4910122,4,481,1035,1516,FALSE,481,276,-205
4910122,8,577,894,1471,FALSE,577,158,-419
4910135,4,613,769,1382,FALSE,613,77,-536
4910135,8,924,597,1521,TRUE,163,597,434
4910137,4,246,477,723,FALSE,246,115,-131
4910137,8,274,438,712,FALSE,274,81,-193
4910138,4,619,1262,1881,FALSE,619,321,-298
4910138,8,778,1169,1947,FALSE,778,195,-583
NA,4,308,331,639,FALSE,308,11,-297
NA,8,438,295,733,TRUE,71,295,224
NA,4,0,0,0,FALSE,0,-1,-1
NA,8,0,0,0,FALSE,0,-1,-1
4910146,4,1258,1449,2707,FALSE,1258,95,-1163
4910146,8,1685,1267,2952,TRUE,208,1267,1059
4910147,4,490,669,1159,FALSE,490,89,-401
4910147,8,738,548,1286,TRUE,94,548,454
4910149,4,451,577,1028,FALSE,451,62,-389
4910149,8,904,920,1824,FALSE,904,7,-897
4910150,4,497,552,1049,FALSE,497,27,-470
4910150,8,513,377,890,TRUE,67,377,310
4910151,4,533,687,1220,FALSE,533,76,-457
4910151,8,832,689,1521,TRUE,71,689,618
4910152,4,620,644,1264,FALSE,620,11,-609
4910152,8,900,589,1489,TRUE,155,589,434
4910160,4,641,1196,1837,FALSE,641,277,-364
4910160,8,1331,1434,2765,FALSE,1331,51,-1280
4910162,4,770,865,1635,FALSE,770,47,-723
4910162,8,1078,745,1823,TRUE,166,745,579
4910168,4,197,360,557,FALSE,197,81,-116
4910168,8,277,259,536,TRUE,8,259,251
4910172,4,335,410,745,FALSE,335,37,-298
4910172,8,404,275,679,TRUE,64,275,211
4910185,4,510,615,1125,FALSE,510,52,-458
4910185,8,643,469,1112,TRUE,86,469,383
4910186,4,413,749,1162,FALSE,413,167,-246
4910186,8,777,799,1576,FALSE,777,10,-767
4910189,4,345,626,971,FALSE,345,140,-205
4910189,8,608,767,1375,FALSE,608,79,-529
4910190,4,817,1521,2338,FALSE,817,351,-466
4910190,8,967,1211,2178,FALSE,967,121,-846
4910201,4,161,335,496,FALSE,161,86,-75
4910201,8,480,582,1062,FALSE,480,50,-430
4910203,4,372,632,1004,FALSE,372,129,-243
4910203,8,810,979,1789,FALSE,810,84,-726
4910204,4,558,1146,1704,FALSE,558,293,-265
4910204,8,1667,2018,3685,FALSE,1667,175,-1492
4910206,4,313,923,1236,FALSE,313,304,-9
4910206,8,506,1111,1617,FALSE,506,302,-204
4910207,4,387,1189,1576,FALSE,387,400,13
4910207,8,535,1501,2036,FALSE,535,482,-53
4910216,4,630,1132,1762,FALSE,630,250,-380
4910216,8,855,1003,1858,FALSE,855,73,-782
4910217,4,458,658,1116,FALSE,458,99,-359
4910217,8,618,567,1185,TRUE,25,567,542
4910218,4,507,586,1093,FALSE,507,39,-468
4910218,8,675,547,1222,TRUE,63,547,484
4910239,4,379,448,827,FALSE,379,34,-345
4910239,8,516,358,874,TRUE,78,358,280
4910244,4,116,432,548,FALSE,116,157,41
4910244,8,147,519,666,FALSE,147,185,38
4910253,4,547,1236,1783,FALSE,547,344,-203
4910253,8,1046,1627,2673,FALSE,1046,290,-756
4910254,4,229,466,695,FALSE,229,118,-111
4910254,8,285,410,695,FALSE,285,62,-223
4910258,4,85,206,291,FALSE,85,60,-25
4910258,8,93,259,352,FALSE,93,82,-11
4910259,4,382,845,1227,FALSE,382,231,-151
4910259,8,668,857,1525,FALSE,668,94,-574
4910264,4,391,1003,1394,FALSE,391,305,-86
4910264,8,479,902,1381,FALSE,479,211,-268
4910265,4,527,1396,1923,FALSE,527,434,-93
4910265,8,1031,1540,2571,FALSE,1031,254,-777
4910266,4,288,507,795,FALSE,288,109,-179
4910266,8,554,568,1122,FALSE,554,6,-548
4910273,4,485,945,1430,FALSE,485,229,-256
4910273,8,773,885,1658,FALSE,773,55,-718
4910274,4,311,467,778,FALSE,311,77,-234
4910274,8,416,389,805,TRUE,13,389,376
4910275,4,294,372,666,FALSE,294,38,-256
4910275,8,436,275,711,TRUE,80,275,195
4910276,4,533,1091,1624,FALSE,533,278,-255
4910276,8,881,1202,2083,FALSE,881,160,-721
4910277,4,738,1600,2338,FALSE,738,430,-308
4910277,8,1201,1725,2926,FALSE,1201,261,-940
4910278,4,494,1073,1567,FALSE,494,289,-205
4910278,8,738,831,1569,FALSE,738,46,-692
4910283,4,772,1426,2198,FALSE,772,326,-446
4910283,8,993,1204,2197,FALSE,993,105,-888
4910287,4,685,1422,2107,FALSE,685,368,-317
4910287,8,1032,1405,2437,FALSE,1032,186,-846
4910293,4,670,1442,2112,FALSE,670,385,-285
4910293,8,1041,1411,2452,FALSE,1041,184,-857
4910301,4,459,1147,1606,FALSE,459,343,-116
4910301,8,620,1148,1768,FALSE,620,263,-357
4910302,4,186,474,660,FALSE,186,143,-43
4910302,8,204,464,668,FALSE,204,129,-75
4910305,4,282,871,1153,FALSE,282,294,12
4910305,8,432,1138,1570,FALSE,432,352,-80
4910308,4,69,168,237,FALSE,69,49,-20
4910308,8,89,150,239,FALSE,89,30,-59
4910309,4,357,1030,1387,FALSE,357,336,-21
4910309,8,444,1076,1520,FALSE,444,315,-129
4910310,4,308,840,1148,FALSE,308,265,-43
4910310,8,355,837,1192,FALSE,355,240,-115
4910311,4,119,274,393,FALSE,119,77,-42
4910311,8,129,220,349,FALSE,129,45,-84
4910312,4,178,550,728,FALSE,178,185,7
4910312,8,284,708,992,FALSE,284,211,-73
4910314,4,647,1355,2002,FALSE,647,353,-294
4910314,8,897,1173,2070,FALSE,897,137,-760
4910330,4,170,503,673,FALSE,170,166,-4
4910330,8,217,503,720,FALSE,217,142,-75
4910331,4,1064,2103,3167,FALSE,1064,519,-545
4910331,8,1311,1608,2919,FALSE,1311,148,-1163
4910332,4,299,828,1127,FALSE,299,264,-35
4910332,8,382,762,1144,FALSE,382,189,-193
4910340,4,469,1005,1474,FALSE,469,267,-202
4910340,8,563,908,1471,FALSE,563,172,-391
4910343,4,441,1247,1688,FALSE,441,402,-39
4910343,8,638,1310,1948,FALSE,638,335,-303
4910345,4,283,616,899,FALSE,283,166,-117
4910345,8,293,530,823,FALSE,293,118,-175
4910348,4,397,1205,1602,FALSE,397,403,6
4910348,8,589,1234,1823,FALSE,589,322,-267
4910357,4,399,558,957,FALSE,399,79,-320
4910357,8,514,464,978,TRUE,24,464,440
4910361,4,58,282,340,FALSE,58,111,53
4910361,8,76,207,283,FALSE,76,65,-11
4910367,4,66,86,152,FALSE,66,9,-57
4910367,8,89,59,148,TRUE,14,59,45
4910369,4,431,1169,1600,FALSE,431,368,-63
4910369,8,782,1306,2088,FALSE,782,261,-521
4910370,4,315,357,672,FALSE,315,20,-295
4910370,8,344,297,641,TRUE,23,297,274
4910371,4,444,1189,1633,FALSE,444,372,-72
4910371,8,509,1087,1596,FALSE,509,288,-221
4910379,4,467,1723,2190,FALSE,467,627,160
4910379,8,783,2035,2818,FALSE,783,625,-158
4910381,4,1055,2917,3972,FALSE,1055,930,-125
4910381,8,958,2161,3119,FALSE,958,601,-357
4910382,4,661,1755,2416,FALSE,661,546,-115
4910382,8,1413,2302,3715,FALSE,1413,444,-969
4910392,4,48,137,185,FALSE,48,44,-4
4910392,8,302,560,862,FALSE,302,128,-174
4910394,4,0,0,0,FALSE,0,-1,-1
4910394,8,14,26,40,FALSE,14,5,-9
4910395,4,141,388,529,FALSE,141,123,-18
4910395,8,152,402,554,FALSE,152,124,-28
4910396,4,372,1033,1405,FALSE,372,330,-42
4910396,8,907,1903,2810,FALSE,907,497,-410
4910397,4,207,415,622,FALSE,207,103,-104
4910397,8,789,995,1784,FALSE,789,102,-687
4910398,4,135,358,493,FALSE,135,111,-24
4910398,8,837,1099,1936,FALSE,837,130,-707
4910399,4,0,0,0,FALSE,0,-1,-1
4910399,8,627,1410,2037,FALSE,627,391,-236
4910402,4,251,567,818,FALSE,251,157,-94
4910402,8,662,760,1422,FALSE,662,48,-614
4910403,4,133,323,456,FALSE,133,94,-39
4910403,8,311,416,727,FALSE,311,52,-259
4910413,4,115,277,392,FALSE,115,80,-35
4910413,8,138,287,425,FALSE,138,74,-64
4910415,4,374,542,916,FALSE,374,83,-291
4910415,8,348,595,943,FALSE,348,123,-225
4910420,4,367,914,1281,FALSE,367,273,-94
4910420,8,804,1142,1946,FALSE,804,168,-636
4910421,4,392,425,817,FALSE,392,16,-376
4910421,8,382,467,849,FALSE,382,42,-340
4910423,4,374,554,928,FALSE,374,89,-285
4910423,8,428,434,862,FALSE,428,2,-426
4910424,4,616,1762,2378,FALSE,616,572,-44
4910424,8,1070,1868,2938,FALSE,1070,398,-672
4910425,4,166,211,377,FALSE,166,22,-144
4910425,8,176,132,308,TRUE,21,132,111
4910426,4,405,789,1194,FALSE,405,191,-214
4910426,8,1206,1176,2382,TRUE,14,1176,1162
4910427,4,462,805,1267,FALSE,462,171,-291
4910427,8,585,799,1384,FALSE,585,106,-479
4910428,4,489,842,1331,FALSE,489,176,-313
4910428,8,603,860,1463,FALSE,603,128,-475
4910429,4,400,427,827,FALSE,400,13,-387
4910429,8,487,350,837,TRUE,68,350,282
4910433,4,170,397,567,FALSE,170,113,-57
4910433,8,202,388,590,FALSE,202,92,-110
4910434,4,248,531,779,FALSE,248,141,-107
4910434,8,259,576,835,FALSE,259,158,-101
4910436,4,919,1124,2043,FALSE,919,102,-817
4910436,8,1468,982,2450,TRUE,242,982,740
4910441,4,15,49,64,FALSE,15,16,1
4910441,8,10,55,65,FALSE,10,22,12
4910455,4,514,682,1196,FALSE,514,83,-431
4910455,8,671,519,1190,TRUE,75,519,444
4910456,4,237,129,366,TRUE,53,129,76
4910456,8,263,140,403,TRUE,61,140,79
4910463,4,1046,1391,2437,FALSE,1046,172,-874
4910463,8,1531,1130,2661,TRUE,200,1130,930
4910480,4,786,1228,2014,FALSE,786,220,-566
4910480,8,1384,1163,2547,TRUE,110,1163,1053
4910484,4,847,1333,2180,FALSE,847,242,-605
4910484,8,1469,1337,2806,TRUE,65,1337,1272
4910488,4,597,1401,1998,FALSE,597,401,-196
4910488,8,1278,1763,3041,FALSE,1278,242,-1036
4910491,4,549,1011,1560,FALSE,549,230,-319
4910491,8,1391,1420,2811,FALSE,1391,14,-1377
4930101,4,283,707,990,FALSE,283,211,-72
4930101,8,478,718,1196,FALSE,478,119,-359
4930102,4,685,375,1060,TRUE,154,375,221
4930102,8,708,306,1014,TRUE,200,306,106
4930103,4,118,190,308,FALSE,118,35,-83
4930103,8,112,179,291,FALSE,112,33,-79
4930104,4,125,226,351,FALSE,125,50,-75
4930104,8,130,247,377,FALSE,130,58,-72
4930105,4,36,117,153,FALSE,36,40,4
4930105,8,46,127,173,FALSE,46,40,-6
4930106,4,184,358,542,FALSE,184,86,-98
4930106,8,227,302,529,FALSE,227,37,-190
4930107,4,118,91,209,TRUE,13,91,78
4930107,8,116,59,175,TRUE,28,59,31
4930208,4,285,420,705,FALSE,285,67,-218
4930208,8,351,355,706,FALSE,351,1,-350
4930209,4,78,176,254,FALSE,78,48,-30
4930209,8,60,198,258,FALSE,60,68,8
4930210,4,534,784,1318,FALSE,534,124,-410
4930210,8,547,664,1211,FALSE,547,58,-489
4930211,4,72,259,331,FALSE,72,93,21
4930211,8,76,239,315,FALSE,76,81,5
4930212,4,38,150,188,FALSE,38,55,17
4930212,8,57,150,207,FALSE,57,46,-11
4930213,4,77,254,331,FALSE,77,88,11
4930213,8,76,233,309,FALSE,76,78,2
4930214,4,105,290,395,FALSE,105,92,-13
4930214,8,105,323,428,FALSE,105,108,3
4930315,4,73,333,406,FALSE,73,129,56
4930315,8,95,324,419,FALSE,95,114,19
4930316,4,126,754,880,FALSE,126,313,187
4930316,8,168,848,1016,FALSE,168,339,171
4930317,4,212,1113,1325,FALSE,212,450,238
4930317,8,279,1243,1522,FALSE,279,481,202
4930318,4,284,969,1253,FALSE,284,342,58
4930318,8,381,1046,1427,FALSE,381,332,-49
4930419,4,62,240,302,FALSE,62,88,26
4930419,8,57,231,288,FALSE,57,86,29
4930420,4,183,314,497,FALSE,183,65,-118
4930420,8,202,257,459,FALSE,202,27,-175
4930421,4,87,457,544,FALSE,87,184,97
4930421,8,248,904,1152,FALSE,248,327,79
4930422,4,474,1221,1695,FALSE,474,373,-101
4930422,8,649,1315,1964,FALSE,649,332,-317
4930423,4,51,197,248,FALSE,51,72,21
4930423,8,70,238,308,FALSE,70,83,13
4930424,4,119,405,524,FALSE,119,142,23
4930424,8,124,398,522,FALSE,124,136,12
4950101,4,78,494,572,FALSE,78,207,129
4950101,8,105,480,585,FALSE,105,187,82
4950201,4,50,158,208,FALSE,50,53,3
4950201,8,50,142,192,FALSE,50,45,-5
4950202,4,56,322,378,FALSE,56,132,76
4950202,8,56,324,380,FALSE,56,133,77
4950301,4,84,470,554,FALSE,84,192,108
4950301,8,104,436,540,FALSE,104,165,61
4950401,4,123,160,283,FALSE,123,18,-105
4950401,8,162,147,309,TRUE,7,147,140
4970001,4,178,617,795,FALSE,178,219,41
4970001,8,167,636,803,FALSE,167,234,67
4970002,4,451,1609,2060,FALSE,451,578,127
4970002,8,464,1586,2050,FALSE,464,560,96
4970003,4,94,298,392,FALSE,94,101,7
4970003,8,87,350,437,FALSE,87,131,44
4970004,4,56,157,213,FALSE,56,50,-6
4970004,8,56,131,187,FALSE,56,37,-19
4970005,4,152,533,685,FALSE,152,190,38
4970005,8,187,630,817,FALSE,187,221,34
4970006,4,229,764,993,FALSE,229,267,38
4970006,8,283,893,1176,FALSE,283,304,21
4970008,4,417,1530,1947,FALSE,417,556,139
4970008,8,415,1607,2022,FALSE,415,595,180
4970009,4,311,884,1195,FALSE,311,286,-25
4970009,8,236,914,1150,FALSE,236,338,102
4970010,4,62,222,284,FALSE,62,79,17
4970010,8,54,233,287,FALSE,54,89,35
4970011,4,92,154,246,FALSE,92,30,-62
4970011,8,64,220,284,FALSE,64,77,13
4970012,4,259,722,981,FALSE,259,231,-28
4970012,8,205,673,878,FALSE,205,233,28
4970013,4,142,428,570,FALSE,142,142,0
4970013,8,145,428,573,FALSE,145,141,-4
4970014,4,244,779,1023,FALSE,244,267,23
4970014,8,197,805,1002,FALSE,197,303,106
4970015,4,135,602,737,FALSE,135,233,98
4970015,8,135,629,764,FALSE,135,246,111
4970016,4,229,823,1052,FALSE,229,296,67
4970016,8,210,895,1105,FALSE,210,342,132
4970017,4,303,1116,1419,FALSE,303,406,103
4970017,8,299,1125,1424,FALSE,299,412,113
4970018,4,133,420,553,FALSE,133,143,10
4970018,8,82,422,504,FALSE,82,169,87
4970019,4,87,201,288,FALSE,87,56,-31
4970019,8,76,175,251,FALSE,76,49,-27
4970020,4,122,458,580,FALSE,122,167,45
4970020,8,127,515,642,FALSE,127,193,66
4970024,4,353,879,1232,FALSE,353,262,-91
4970024,8,362,956,1318,FALSE,362,296,-66
4970025,4,35,111,146,FALSE,35,37,2
4970025,8,30,116,146,FALSE,30,42,12
4970027,4,692,1855,2547,FALSE,692,581,-111
4970027,8,590,2034,2624,FALSE,590,721,131
NA,4,427,1174,1601,FALSE,427,373,-54
NA,8,423,1206,1629,FALSE,423,391,-32
NA,4,238,900,1138,FALSE,238,330,92
NA,8,240,1064,1304,FALSE,240,411,171
NA,4,240,757,997,FALSE,240,258,18
NA,8,224,854,1078,FALSE,224,314,90
NA,4,139,488,627,FALSE,139,174,35
NA,8,123,545,668,FALSE,123,210,87
NA,4,436,1326,1762,FALSE,436,444,8
NA,8,450,1403,1853,FALSE,450,476,26
NA,4,544,1635,2179,FALSE,544,545,1
NA,8,509,1629,2138,FALSE,509,559,50
NA,4,178,716,894,FALSE,178,268,90
NA,8,179,723,902,FALSE,179,271,92
NA,4,327,1600,1927,FALSE,327,636,309
NA,8,385,1704,2089,FALSE,385,659,274
NA,4,702,1307,2009,FALSE,702,302,-400
NA,8,715,1387,2102,FALSE,715,335,-380
NA,4,127,606,733,FALSE,127,239,112
NA,8,138,610,748,FALSE,138,235,97
NA,4,380,1263,1643,FALSE,380,441,61
NA,8,365,1332,1697,FALSE,365,483,118
NA,4,296,1059,1355,FALSE,296,381,85
NA,8,259,1201,1460,FALSE,259,470,211
50001,4,505,267,772,TRUE,118,267,149
50001,8,531,208,739,TRUE,161,208,47
50002,4,204,227,431,FALSE,204,11,-193
50002,8,216,183,399,TRUE,16,183,167
50003,4,351,780,1131,FALSE,351,214,-137
50003,8,278,850,1128,FALSE,278,285,7
50004,4,212,193,405,TRUE,9,193,184
50004,8,272,165,437,TRUE,53,165,112
50005,4,340,491,831,FALSE,340,75,-265
50005,8,407,415,822,FALSE,407,3,-404
50006,4,150,302,452,FALSE,150,75,-75
50006,8,96,353,449,FALSE,96,128,32
50007,4,82,319,401,FALSE,82,118,36
50007,8,58,462,520,FALSE,58,201,143
50008,4,133,560,693,FALSE,133,213,80
50008,8,112,593,705,FALSE,112,240,128
50009,4,193,222,415,FALSE,193,14,-179
50009,8,193,178,371,TRUE,7,178,171
50010,4,385,763,1148,FALSE,385,188,-197
50010,8,341,634,975,FALSE,341,146,-195
50011,4,166,544,710,FALSE,166,188,22
50011,8,131,601,732,FALSE,131,234,103
50012,4,136,377,513,FALSE,136,120,-16
50012,8,101,424,525,FALSE,101,161,60
50013,4,345,708,1053,FALSE,345,181,-164
50013,8,364,694,1058,FALSE,364,164,-200
50014,4,391,1035,1426,FALSE,391,321,-70
50014,8,408,1020,1428,FALSE,408,305,-103
50015,4,56,261,317,FALSE,56,102,46
50015,8,77,255,332,FALSE,77,88,11
50016,4,357,319,676,TRUE,18,319,301
50016,8,392,244,636,TRUE,73,244,171
50017,4,330,656,986,FALSE,330,162,-168
50017,8,252,714,966,FALSE,252,230,-22
50018,4,790,60,850,TRUE,364,60,-304
50018,8,855,47,902,TRUE,403,47,-356
50019,4,113,225,338,FALSE,113,55,-58
50019,8,79,279,358,FALSE,79,99,20
50020,4,472,14,486,TRUE,228,14,-214
50020,8,448,1,449,TRUE,223,1,-222
50021,4,224,577,801,FALSE,224,176,-48
50021,8,243,582,825,FALSE,243,169,-74
50022,4,128,346,474,FALSE,128,108,-20
50022,8,83,288,371,FALSE,83,102,19
50023,4,81,168,249,FALSE,81,43,-38
50023,8,68,227,295,FALSE,68,79,11
50024,4,311,993,1304,FALSE,311,340,29
50024,8,307,1015,1322,FALSE,307,353,46
50025,4,283,836,1119,FALSE,283,276,-7
50025,8,297,977,1274,FALSE,297,339,42
50026,4,154,821,975,FALSE,154,333,179
50026,8,146,874,1020,FALSE,146,363,217
50027,4,51,158,209,FALSE,51,53,2
50027,8,46,212,258,FALSE,46,82,36
50028,4,189,710,899,FALSE,189,260,71
50028,8,178,804,982,FALSE,178,312,134
50029,4,170,428,598,FALSE,170,128,-42
50029,8,194,591,785,FALSE,194,198,4
50030,4,130,333,463,FALSE,130,101,-29
50030,8,127,394,521,FALSE,127,133,6
NA,4,61,185,246,FALSE,61,61,0
NA,8,62,180,242,FALSE,62,58,-4
NA,4,0,0,0,FALSE,0,-1,-1
NA,8,0,0,0,FALSE,0,-1,-1
50032,4,60,169,229,FALSE,60,54,-6
50032,8,50,177,227,FALSE,50,63,13
50033,4,83,333,416,FALSE,83,124,41
50033,8,72,386,458,FALSE,72,156,84
50034,4,324,1173,1497,FALSE,324,424,100
50034,8,362,1111,1473,FALSE,362,374,12
50035,4,22,47,69,FALSE,22,12,-10
50035,8,24,68,92,FALSE,24,21,-3
50036,4,33,47,80,FALSE,33,6,-27
50036,8,24,47,71,FALSE,24,11,-13
50037,4,56,169,225,FALSE,56,56,0
50037,8,60,168,228,FALSE,60,53,-7
50038,4,6,24,30,FALSE,6,8,2
50038,8,4,11,15,FALSE,4,3,-1
50039,4,245,169,414,TRUE,37,169,132
50039,8,341,165,506,TRUE,87,165,78
NA,4,48,227,275,FALSE,48,89,41
NA,8,81,232,313,FALSE,81,75,-6
5010101,4,81,680,761,FALSE,81,299,218
5010101,8,61,593,654,FALSE,61,265,204
5010202,4,77,578,655,FALSE,77,250,173
5010202,8,97,548,645,FALSE,97,225,128
5010303,4,79,317,396,FALSE,79,118,39
5010303,8,106,260,366,FALSE,106,76,-30
5010305,4,39,138,177,FALSE,39,49,10
5010305,8,41,108,149,FALSE,41,33,-8
5010404,4,56,293,349,FALSE,56,118,62
5010404,8,91,268,359,FALSE,91,88,-3
5010406,4,44,222,266,FALSE,44,88,44
5010406,8,54,212,266,FALSE,54,78,24
NA,4,158,669,827,FALSE,158,255,97
NA,8,198,737,935,FALSE,198,269,71
NA,4,199,465,664,FALSE,199,132,-67
NA,8,190,423,613,FALSE,190,116,-74
NA,4,277,891,1168,FALSE,277,306,29
NA,8,342,887,1229,FALSE,342,272,-70
NA,4,144,355,499,FALSE,144,105,-39
NA,8,166,338,504,FALSE,166,85,-81
NA,4,114,173,287,FALSE,114,29,-85
NA,8,72,183,255,FALSE,72,55,-17
5030005,4,320,1346,1666,FALSE,320,512,192
5030005,8,242,1311,1553,FALSE,242,534,292
5030006,4,19,140,159,FALSE,19,60,41
5030006,8,19,142,161,FALSE,19,61,42
5030007,4,46,132,178,FALSE,46,42,-4
5030007,8,39,136,175,FALSE,39,48,9
5030010,4,59,140,199,FALSE,59,40,-19
5030010,8,39,178,217,FALSE,39,69,30
5030016,4,23,138,161,FALSE,23,57,34
5030016,8,16,146,162,FALSE,16,64,48
5030020,4,36,98,134,FALSE,36,30,-6
5030020,8,27,137,164,FALSE,27,54,27
5030022,4,378,1945,2323,FALSE,378,783,405
5030022,8,346,1925,2271,FALSE,346,789,443
5030023,4,327,1001,1328,FALSE,327,336,9
5030023,8,334,1124,1458,FALSE,334,394,60
5030024,4,303,934,1237,FALSE,303,315,12
5030024,8,241,843,1084,FALSE,241,300,59
NA,4,40,143,183,FALSE,40,51,11
NA,8,29,172,201,FALSE,29,71,42
5050001,4,428,267,695,TRUE,80,267,187
5050001,8,463,205,668,TRUE,128,205,77
5050002,4,222,137,359,TRUE,42,137,95
5050002,8,319,109,428,TRUE,104,109,5
5050003,4,373,445,818,FALSE,373,35,-338
5050003,8,424,327,751,TRUE,48,327,279
5050004,4,326,242,568,TRUE,41,242,201
5050004,8,423,187,610,TRUE,117,187,70
NA,4,47,21,68,TRUE,12,21,9
NA,8,49,20,69,TRUE,14,20,6
NA,4,73,21,94,TRUE,25,21,-4
NA,8,78,20,98,TRUE,28,20,-8
NA,4,192,95,287,TRUE,48,95,47
NA,8,183,51,234,TRUE,65,51,-14
5070001,4,172,135,307,TRUE,18,135,117
5070001,8,360,82,442,TRUE,138,82,-56
5070002,4,197,49,246,TRUE,73,49,-24
5070002,8,865,157,1022,TRUE,353,157,-196
5070003,4,704,186,890,TRUE,258,186,-72
5070003,8,942,151,1093,TRUE,395,151,-244
5070004,4,739,110,849,TRUE,314,110,-204
5070004,8,525,106,631,TRUE,209,106,-103
NA,4,316,242,558,TRUE,36,242,206
NA,8,261,43,304,TRUE,108,43,-65
NA,4,204,55,259,TRUE,74,55,-19
NA,8,310,57,367,TRUE,126,57,-69
510113,4,123,365,488,FALSE,123,120,-3
510113,8,101,378,479,FALSE,101,138,37
510114,4,306,615,921,FALSE,306,154,-152
510114,8,245,680,925,FALSE,245,217,-28
510202,4,74,37,111,TRUE,18,37,19
510202,8,87,35,122,TRUE,25,35,10
510203,4,76,168,244,FALSE,76,45,-31
510203,8,59,183,242,FALSE,59,61,2
510204,4,42,227,269,FALSE,42,92,50
510204,8,41,214,255,FALSE,41,86,45
510207,4,111,155,266,FALSE,111,21,-90
510207,8,107,132,239,FALSE,107,12,-95
510211,4,166,448,614,FALSE,166,140,-26
510211,8,178,445,623,FALSE,178,133,-45
510215,4,64,159,223,FALSE,64,47,-17
510215,8,65,174,239,FALSE,65,54,-11
510301,4,289,664,953,FALSE,289,187,-102
510301,8,236,650,886,FALSE,236,206,-30
510305,4,122,197,319,FALSE,122,37,-85
510305,8,110,212,322,FALSE,110,50,-60
510308,4,91,175,266,FALSE,91,41,-50
510308,8,95,187,282,FALSE,95,45,-50
510309,4,153,319,472,FALSE,153,82,-71
510309,8,148,329,477,FALSE,148,90,-58
510406,4,311,392,703,FALSE,311,40,-271
510406,8,292,372,664,FALSE,292,39,-253
510410,4,295,458,753,FALSE,295,81,-214
510410,8,246,531,777,FALSE,246,142,-104
510412,4,53,26,79,TRUE,13,26,13
510412,8,43,24,67,TRUE,9,24,15
530001,4,88,377,465,FALSE,88,144,56
530001,8,120,463,583,FALSE,120,171,51
530002,4,205,320,525,FALSE,205,57,-148
530002,8,209,357,566,FALSE,209,73,-136
530003,4,68,281,349,FALSE,68,106,38
530003,8,78,286,364,FALSE,78,103,25
530004,4,63,154,217,FALSE,63,45,-18
530004,8,70,163,233,FALSE,70,46,-24
530005,4,113,280,393,FALSE,113,83,-30
530005,8,103,324,427,FALSE,103,110,7
530006,4,99,197,296,FALSE,99,48,-51
530006,8,79,249,328,FALSE,79,84,5
530007,4,172,322,494,FALSE,172,74,-98
530007,8,143,346,489,FALSE,143,101,-42
530008,4,148,508,656,FALSE,148,179,31
530008,8,186,510,696,FALSE,186,161,-25
530009,4,437,1259,1696,FALSE,437,410,-27
530009,8,437,1287,1724,FALSE,437,424,-13
530010,4,165,441,606,FALSE,165,137,-28
530010,8,206,456,662,FALSE,206,124,-82
530011,4,18,140,158,FALSE,18,60,42
530011,8,17,118,135,FALSE,17,50,33
530012,4,223,498,721,FALSE,223,137,-86
530012,8,225,525,750,FALSE,225,149,-76
530013,4,113,348,461,FALSE,113,117,4
530013,8,164,333,497,FALSE,164,84,-80
530014,4,44,199,243,FALSE,44,77,33
530014,8,50,226,276,FALSE,50,87,37
530015,4,72,245,317,FALSE,72,86,14
530015,8,97,263,360,FALSE,97,82,-15
530016,4,54,192,246,FALSE,54,68,14
530016,8,57,229,286,FALSE,57,85,28
530017,4,97,304,401,FALSE,97,103,6
530017,8,103,395,498,FALSE,103,145,42
530018,4,370,864,1234,FALSE,370,246,-124
530018,8,407,828,1235,FALSE,407,210,-197
530019,4,269,1075,1344,FALSE,269,402,133
530019,8,319,1112,1431,FALSE,319,396,77
530020,4,516,1380,1896,FALSE,516,431,-85
530020,8,618,1442,2060,FALSE,618,411,-207
530021,4,375,779,1154,FALSE,375,201,-174
530021,8,435,889,1324,FALSE,435,226,-209
530022,4,166,516,682,FALSE,166,174,8
530022,8,226,501,727,FALSE,226,137,-89
530023,4,272,776,1048,FALSE,272,251,-21
530023,8,259,757,1016,FALSE,259,248,-11
550100,4,180,164,344,TRUE,7,164,157
550100,8,186,141,327,TRUE,22,141,119
550101,4,346,415,761,FALSE,346,34,-312
550101,8,365,391,756,FALSE,365,12,-353
550102,4,123,339,462,FALSE,123,107,-16
550102,8,152,311,463,FALSE,152,79,-73
550103,4,516,753,1269,FALSE,516,118,-398
550103,8,595,721,1316,FALSE,595,62,-533
550104,4,65,154,219,FALSE,65,44,-21
550104,8,74,170,244,FALSE,74,47,-27
550105,4,91,131,222,FALSE,91,19,-72
550105,8,133,160,293,FALSE,133,13,-120
550106,4,36,22,58,TRUE,6,22,16
550106,8,49,16,65,TRUE,16,16,0
550201,4,141,257,398,FALSE,141,57,-84
550201,8,128,271,399,FALSE,128,71,-57
550202,4,199,409,608,FALSE,199,104,-95
550202,8,215,408,623,FALSE,215,96,-119
550203,4,135,278,413,FALSE,135,71,-64
550203,8,114,268,382,FALSE,114,76,-38
550204,4,92,197,289,FALSE,92,52,-40
550204,8,99,195,294,FALSE,99,47,-52
550205,4,39,97,136,FALSE,39,28,-11
550205,8,51,115,166,FALSE,51,31,-20
550206,4,238,371,609,FALSE,238,66,-172
550206,8,276,365,641,FALSE,276,44,-232
550207,4,150,275,425,FALSE,150,62,-88
550207,8,158,257,415,FALSE,158,49,-109
550301,4,362,357,719,TRUE,2,357,355
550301,8,385,305,690,TRUE,39,305,266
550302,4,318,350,668,FALSE,318,15,-303
550302,8,387,333,720,TRUE,26,333,307
550303,4,179,258,437,FALSE,179,39,-140
550303,8,170,244,414,FALSE,170,36,-134
550304,4,212,208,420,TRUE,1,208,207
550304,8,230,187,417,TRUE,21,187,166
550305,4,183,287,470,FALSE,183,51,-132
550305,8,185,273,458,FALSE,185,43,-142
550400,4,64,91,155,FALSE,64,13,-51
550400,8,74,70,144,TRUE,1,70,69
550401,4,387,109,496,TRUE,138,109,-29
550401,8,338,81,419,TRUE,128,81,-47
550402,4,452,270,722,TRUE,90,270,180
550402,8,470,230,700,TRUE,119,230,111
550403,4,121,134,255,FALSE,121,6,-115
550403,8,128,132,260,FALSE,128,1,-127
550404,4,251,246,497,TRUE,2,246,244
550404,8,270,216,486,TRUE,26,216,190
550405,4,147,220,367,FALSE,147,36,-111
550405,8,149,219,368,FALSE,149,34,-115
550406,4,18,37,55,FALSE,18,9,-9
550406,8,19,24,43,FALSE,19,2,-17
570001,4,121,67,188,TRUE,26,67,41
570001,8,130,47,177,TRUE,41,47,6
570002,4,312,230,542,TRUE,40,230,190
570002,8,334,187,521,TRUE,73,187,114
570003,4,29,11,40,TRUE,8,11,3
570003,8,42,7,49,TRUE,17,7,-10
570004,4,118,169,287,FALSE,118,25,-93
570004,8,113,140,253,FALSE,113,13,-100
570005,4,14,82,96,FALSE,14,33,19
570005,8,35,77,112,FALSE,35,20,-15
570006,4,71,139,210,FALSE,71,33,-38
570006,8,86,152,238,FALSE,86,32,-54
570007,4,203,176,379,TRUE,13,176,163
570007,8,226,160,386,TRUE,32,160,128
570008,4,158,107,265,TRUE,25,107,82
570008,8,176,71,247,TRUE,52,71,19
570009,4,20,24,44,FALSE,20,1,-19
570009,8,28,15,43,TRUE,6,15,9
570010,4,37,76,113,FALSE,37,19,-18
570010,8,36,47,83,FALSE,36,5,-31
570011,4,79,142,221,FALSE,79,31,-48
570011,8,92,143,235,FALSE,92,25,-67
570012,4,184,518,702,FALSE,184,166,-18
570012,8,230,525,755,FALSE,230,147,-83
570013,4,8,7,15,TRUE,0,7,7
570013,8,2,7,9,FALSE,2,2,0
570014,4,61,49,110,TRUE,5,49,44
570014,8,53,44,97,TRUE,4,44,40
570015,4,42,67,109,FALSE,42,12,-30
570015,8,42,55,97,FALSE,42,6,-36
570016,4,243,473,716,FALSE,243,114,-129
570016,8,246,453,699,FALSE,246,103,-143
570017,4,177,328,505,FALSE,177,75,-102
570017,8,192,309,501,FALSE,192,58,-134
570018,4,101,181,282,FALSE,101,39,-62
570018,8,98,165,263,FALSE,98,33,-65
570019,4,96,211,307,FALSE,96,57,-39
570019,8,78,226,304,FALSE,78,73,-5
570020,4,9,9,18,FALSE,9,-1,-10
570020,8,10,8,18,TRUE,0,8,8
570021,4,29,72,101,FALSE,29,21,-8
570021,8,35,72,107,FALSE,35,18,-17
570022,4,77,148,225,FALSE,77,35,-42
570022,8,89,151,240,FALSE,89,30,-59
570023,4,47,97,144,FALSE,47,24,-23
570023,8,50,106,156,FALSE,50,27,-23
570024,4,228,525,753,FALSE,228,148,-80
570024,8,201,505,706,FALSE,201,151,-50
570025,4,99,440,539,FALSE,99,170,71
570025,8,105,434,539,FALSE,105,164,59
590001,4,270,1102,1372,FALSE,270,415,145
590001,8,273,1100,1373,FALSE,273,413,140
590002,4,217,881,1098,FALSE,217,331,114
590002,8,282,851,1133,FALSE,282,284,2
590003,4,265,1061,1326,FALSE,265,397,132
590003,8,239,1068,1307,FALSE,239,414,175
590004,4,160,758,918,FALSE,160,298,138
590004,8,117,800,917,FALSE,117,341,224
590005,4,10,85,95,FALSE,10,37,27
590005,8,13,86,99,FALSE,13,36,23
590006,4,100,397,497,FALSE,100,148,48
590006,8,87,414,501,FALSE,87,163,76
590007,4,51,258,309,FALSE,51,103,52
590007,8,52,270,322,FALSE,52,108,56
610001,4,493,523,1016,FALSE,493,14,-479
610001,8,453,469,922,FALSE,453,7,-446
610002,4,148,189,337,FALSE,148,20,-128
610002,8,217,190,407,TRUE,13,190,177
610003,4,437,402,839,TRUE,17,402,385
610003,8,622,242,864,TRUE,189,242,53
610004,4,556,810,1366,FALSE,556,126,-430
610004,8,759,647,1406,TRUE,55,647,592
610005,4,517,286,803,TRUE,115,286,171
610005,8,571,157,728,TRUE,206,157,-49
610006,4,413,175,588,TRUE,118,175,57
610006,8,522,72,594,TRUE,224,72,-152
610007,4,194,84,278,TRUE,54,84,30
610007,8,189,72,261,TRUE,58,72,14
610008,4,284,145,429,TRUE,69,145,76
610008,8,356,86,442,TRUE,134,86,-48
610009,4,408,214,622,TRUE,96,214,118
610009,8,481,121,602,TRUE,179,121,-58
610010,4,543,280,823,TRUE,131,280,149
610010,8,754,138,892,TRUE,307,138,-169
610011,4,510,292,802,TRUE,108,292,184
610011,8,683,152,835,TRUE,265,152,-113
610012,4,433,365,798,TRUE,33,365,332
610012,8,517,233,750,TRUE,141,233,92
610013,4,304,192,496,TRUE,55,192,137
610013,8,379,118,497,TRUE,130,118,-12
610014,4,455,295,750,TRUE,79,295,216
610014,8,678,190,868,TRUE,243,190,-53
610015,4,602,496,1098,TRUE,52,496,444
610015,8,712,343,1055,TRUE,184,343,159
610016,4,241,248,489,FALSE,241,3,-238
610016,8,353,196,549,TRUE,78,196,118
610017,4,404,261,665,TRUE,71,261,190
610017,8,692,176,868,TRUE,257,176,-81
610018,4,566,430,996,TRUE,67,430,363
610018,8,733,252,985,TRUE,240,252,12
610019,4,324,347,671,FALSE,324,11,-313
610019,8,429,263,692,TRUE,82,263,181
610020,4,257,415,672,FALSE,257,78,-179
610020,8,344,316,660,TRUE,13,316,303
610021,4,493,387,880,TRUE,52,387,335
610021,8,598,246,844,TRUE,175,246,71
610022,4,445,355,800,TRUE,44,355,311
610022,8,649,239,888,TRUE,204,239,35
610023,4,31,66,97,FALSE,31,17,-14
610023,8,56,51,107,TRUE,2,51,49
610024,4,204,157,361,TRUE,23,157,134
610024,8,325,75,400,TRUE,124,75,-49
610025,4,139,100,239,TRUE,19,100,81
610025,8,227,59,286,TRUE,83,59,-24
610026,4,282,573,855,FALSE,282,145,-137
610026,8,497,563,1060,FALSE,497,32,-465
610027,4,552,410,962,TRUE,70,410,340
610027,8,719,246,965,TRUE,236,246,10
610028,4,130,200,330,FALSE,130,34,-96
610028,8,250,171,421,TRUE,39,171,132
610029,4,388,659,1047,FALSE,388,135,-253
610029,8,529,620,1149,FALSE,529,45,-484
NA,4,0,0,0,FALSE,0,-1,-1
NA,8,0,0,0,FALSE,0,-1,-1
610030,4,213,457,670,FALSE,213,121,-92
610030,8,290,358,648,FALSE,290,33,-257
610031,4,69,95,164,FALSE,69,12,-57
610031,8,94,68,162,TRUE,12,68,56
610032,4,353,712,1065,FALSE,353,179,-174
610032,8,565,479,1044,TRUE,42,479,437
610033,4,138,133,271,TRUE,2,133,131
610033,8,172,77,249,TRUE,47,77,30
610034,4,32,44,76,FALSE,32,5,-27
610034,8,55,36,91,TRUE,9,36,27
610035,4,186,402,588,FALSE,186,107,-79
610035,8,255,316,571,FALSE,255,30,-225
610036,4,226,194,420,TRUE,15,194,179
610036,8,272,116,388,TRUE,77,116,39
610037,4,495,245,740,TRUE,124,245,121
610037,8,563,120,683,TRUE,221,120,-101
610038,4,344,441,785,FALSE,344,48,-296
610038,8,420,314,734,TRUE,52,314,262
610039,4,298,196,494,TRUE,50,196,146
610039,8,370,122,492,TRUE,123,122,-1
610040,4,492,281,773,TRUE,105,281,176
610040,8,529,169,698,TRUE,179,169,-10
610041,4,987,876,1863,TRUE,55,876,821
610041,8,1243,567,1810,TRUE,337,567,230
610042,4,220,174,394,TRUE,22,174,152
610042,8,315,81,396,TRUE,116,81,-35
610043,4,206,176,382,TRUE,14,176,162
610043,8,283,164,447,TRUE,59,164,105
610044,4,459,1218,1677,FALSE,459,379,-80
610044,8,606,1053,1659,FALSE,606,223,-383
610045,4,473,258,731,TRUE,107,258,151
610045,8,615,114,729,TRUE,250,114,-136
610046,4,581,454,1035,TRUE,63,454,391
610046,8,891,386,1277,TRUE,252,386,134
610047,4,368,370,738,FALSE,368,0,-368
610047,8,516,249,765,TRUE,133,249,116
610048,4,762,696,1458,TRUE,32,696,664
610048,8,1472,596,2068,TRUE,437,596,159
610049,4,254,346,600,FALSE,254,45,-209
610049,8,337,281,618,TRUE,27,281,254
610050,4,659,896,1555,FALSE,659,118,-541
610050,8,992,716,1708,TRUE,137,716,579
610051,4,139,108,247,TRUE,15,108,93
610051,8,251,79,330,TRUE,85,79,-6
610052,4,366,899,1265,FALSE,366,266,-100
610052,8,479,803,1282,FALSE,479,161,-318
610053,4,336,196,532,TRUE,69,196,127
610053,8,514,102,616,TRUE,205,102,-103
610054,4,853,789,1642,TRUE,31,789,758
610054,8,1981,803,2784,TRUE,588,803,215
610055,4,660,638,1298,TRUE,10,638,628
610055,8,975,426,1401,TRUE,274,426,152
610056,4,274,536,810,FALSE,274,130,-144
610056,8,400,449,849,FALSE,400,24,-376
610057,4,74,146,220,FALSE,74,35,-39
610057,8,151,126,277,TRUE,12,126,114
610058,4,333,452,785,FALSE,333,59,-274
610058,8,548,420,968,TRUE,63,420,357
610059,4,184,115,299,TRUE,34,115,81
610059,8,212,68,280,TRUE,71,68,-3
610060,4,505,330,835,TRUE,87,330,243
610060,8,706,195,901,TRUE,255,195,-60
610061,4,442,464,906,FALSE,442,10,-432
610061,8,556,366,922,TRUE,94,366,272
610062,4,680,461,1141,TRUE,109,461,352
610062,8,924,329,1253,TRUE,297,329,32
610063,4,483,364,847,TRUE,59,364,305
610063,8,608,314,922,TRUE,146,314,168
610064,4,325,521,846,FALSE,325,97,-228
610064,8,479,454,933,TRUE,12,454,442
610065,4,408,444,852,FALSE,408,17,-391
610065,8,645,338,983,TRUE,153,338,185
610066,4,457,764,1221,FALSE,457,153,-304
610066,8,748,726,1474,TRUE,10,726,716
610067,4,312,604,916,FALSE,312,145,-167
610067,8,499,682,1181,FALSE,499,91,-408
610068,4,538,440,978,TRUE,48,440,392
610068,8,835,295,1130,TRUE,269,295,26
610069,4,379,257,636,TRUE,60,257,197
610069,8,555,151,706,TRUE,201,151,-50
610070,4,362,164,526,TRUE,98,164,66
610070,8,404,80,484,TRUE,161,80,-81
610071,4,664,398,1062,TRUE,132,398,266
610071,8,964,235,1199,TRUE,364,235,-129
610072,4,674,657,1331,TRUE,8,657,649
610072,8,1278,623,1901,TRUE,327,623,296
610073,4,772,703,1475,TRUE,34,703,669
610073,8,1114,511,1625,TRUE,301,511,210
610074,4,581,312,893,TRUE,134,312,178
610074,8,896,181,1077,TRUE,357,181,-176
610075,4,293,100,393,TRUE,96,100,4
610075,8,349,48,397,TRUE,150,48,-102
610076,4,488,485,973,TRUE,1,485,484
610076,8,584,363,947,TRUE,110,363,253
610077,4,666,323,989,TRUE,171,323,152
610077,8,1020,142,1162,TRUE,438,142,-296
610078,4,405,726,1131,FALSE,405,160,-245
610078,8,612,581,1193,TRUE,15,581,566
610079,4,347,582,929,FALSE,347,117,-230
610079,8,521,456,977,TRUE,32,456,424
610080,4,457,1279,1736,FALSE,457,410,-47
610080,8,787,1139,1926,FALSE,787,175,-612
610081,4,246,278,524,FALSE,246,15,-231
610081,8,371,205,576,TRUE,82,205,123
610082,4,325,205,530,TRUE,59,205,146
610082,8,486,118,604,TRUE,183,118,-65
610083,4,299,253,552,TRUE,22,253,231
610083,8,277,245,522,TRUE,15,245,230
610084,4,247,571,818,FALSE,247,161,-86
610084,8,393,457,850,FALSE,393,31,-362
610085,4,131,205,336,FALSE,131,36,-95
610085,8,181,191,372,FALSE,181,4,-177
610086,4,192,129,321,TRUE,31,129,98
610086,8,286,86,372,TRUE,99,86,-13
610087,4,335,609,944,FALSE,335,136,-199
610087,8,462,495,957,FALSE,462,16,-446
610088,4,0,0,0,FALSE,0,-1,-1
610088,8,0,3,3,FALSE,0,1,1
610089,4,11,7,18,TRUE,1,7,6
610089,8,0,5,5,FALSE,0,2,2
610090,4,18,22,40,FALSE,18,1,-17
610090,8,33,29,62,TRUE,1,29,28
610091,4,155,195,350,FALSE,155,19,-136
610091,8,167,176,343,FALSE,167,4,-163
610092,4,2,8,10,FALSE,2,2,0
610092,8,4,8,12,FALSE,4,1,-3
610093,4,0,2,2,FALSE,0,0,0
610093,8,32,19,51,TRUE,6,19,13
610094,4,12,40,52,FALSE,12,13,1
610094,8,41,62,103,FALSE,41,10,-31
NA,4,0,0,0,FALSE,0,-1,-1
NA,8,0,0,0,FALSE,0,-1,-1
NA,4,0,0,0,FALSE,0,-1,-1
NA,8,3,2,5,TRUE,0,2,2
NA,4,0,0,0,FALSE,0,-1,-1
NA,8,0,0,0,FALSE,0,-1,-1
631001,4,385,672,1057,FALSE,385,143,-242
631001,8,405,726,1131,FALSE,405,160,-245
632002,4,346,853,1199,FALSE,346,253,-93
632002,8,374,891,1265,FALSE,374,258,-116
633003,4,587,411,998,TRUE,87,411,324
633003,8,555,430,985,TRUE,62,430,368
634004,4,460,702,1162,FALSE,460,120,-340
634004,8,400,750,1150,FALSE,400,174,-226
650101,4,70,361,431,FALSE,70,145,75
650101,8,66,327,393,FALSE,66,130,64
650102,4,26,151,177,FALSE,26,62,36
650102,8,16,143,159,FALSE,16,63,47
650103,4,29,162,191,FALSE,29,66,37
650103,8,33,165,198,FALSE,33,65,32
650201,4,92,452,544,FALSE,92,179,87
650201,8,91,610,701,FALSE,91,259,168
650202,4,12,81,93,FALSE,12,34,22
650202,8,5,138,143,FALSE,5,66,61
650301,4,89,360,449,FALSE,89,135,46
650301,8,55,417,472,FALSE,55,180,125
650302,4,37,192,229,FALSE,37,77,40
650302,8,29,157,186,FALSE,29,63,34
650401,4,91,404,495,FALSE,91,156,65
650401,8,77,390,467,FALSE,77,156,79
650402,4,39,287,326,FALSE,39,123,84
650402,8,29,201,230,FALSE,29,85,56
670001,4,789,1246,2035,FALSE,789,228,-561
670001,8,590,1459,2049,FALSE,590,434,-156
670002,4,134,172,306,FALSE,134,18,-116
670002,8,106,171,277,FALSE,106,32,-74
670004,4,137,131,268,TRUE,2,131,129
670004,8,122,151,273,FALSE,122,14,-108
670005,4,209,272,481,FALSE,209,31,-178
670005,8,126,299,425,FALSE,126,86,-40
670006,4,95,133,228,FALSE,95,18,-77
670006,8,60,194,254,FALSE,60,66,6
670007,4,569,726,1295,FALSE,569,78,-491
670007,8,371,778,1149,FALSE,371,203,-168
670009,4,321,350,671,FALSE,321,14,-307
670009,8,240,387,627,FALSE,240,73,-167
670011,4,209,216,425,FALSE,209,3,-206
670011,8,171,232,403,FALSE,171,30,-141
670012,4,247,264,511,FALSE,247,8,-239
670012,8,211,308,519,FALSE,211,48,-163
670014,4,433,832,1265,FALSE,433,199,-234
670014,8,281,947,1228,FALSE,281,332,51
670015,4,59,251,310,FALSE,59,95,36
670015,8,59,303,362,FALSE,59,121,62
670016,4,125,247,372,FALSE,125,60,-65
670016,8,81,228,309,FALSE,81,73,-8
670017,4,542,1459,2001,FALSE,542,458,-84
670017,8,426,1581,2007,FALSE,426,577,151
670018,4,73,233,306,FALSE,73,79,6
670018,8,42,296,338,FALSE,42,126,84
670019,4,63,209,272,FALSE,63,72,9
670019,8,35,235,270,FALSE,35,99,64
670021,4,42,116,158,FALSE,42,36,-6
670021,8,27,135,162,FALSE,27,53,26
NA,4,529,450,979,TRUE,39,450,411
NA,8,510,479,989,TRUE,15,479,464
67020,4,54,76,130,FALSE,54,10,-44
67020,8,32,95,127,FALSE,32,31,-1
690101,4,171,221,392,FALSE,171,24,-147
690101,8,181,177,358,TRUE,1,177,176
690105,4,7,35,42,FALSE,7,13,6
690105,8,8,30,38,FALSE,8,10,2
690109,4,13,37,50,FALSE,13,11,-2
690109,8,6,40,46,FALSE,6,16,10
690201,4,146,272,418,FALSE,146,62,-84
690201,8,205,169,374,TRUE,17,169,152
690206,4,5,77,82,FALSE,5,35,30
690206,8,7,67,74,FALSE,7,29,22
690301,4,135,528,663,FALSE,135,196,61
690301,8,131,469,600,FALSE,131,168,37
690307,4,18,98,116,FALSE,18,39,21
690307,8,28,96,124,FALSE,28,33,5
690401,4,102,237,339,FALSE,102,67,-35
690401,8,101,176,277,FALSE,101,37,-64
690408,4,34,289,323,FALSE,34,127,93
690408,8,52,338,390,FALSE,52,142,90
NA,4,0,0,0,FALSE,0,-1,-1
NA,8,0,0,0,FALSE,0,-1,-1
NA,4,287,792,1079,FALSE,287,252,-35
NA,8,305,810,1115,FALSE,305,252,-53
NA,4,611,1176,1787,FALSE,611,282,-329
NA,8,768,1202,1970,FALSE,768,216,-552
NA,4,0,0,0,FALSE,0,-1,-1
NA,8,0,0,0,FALSE,0,-1,-1
70003,4,691,1910,2601,FALSE,691,609,-82
70003,8,818,2042,2860,FALSE,818,611,-207
70004,4,621,1620,2241,FALSE,621,499,-122
70004,8,671,1608,2279,FALSE,671,468,-203
NA,4,246,579,825,FALSE,246,166,-80
NA,8,260,528,788,FALSE,260,133,-127
NA,4,184,492,676,FALSE,184,153,-31
NA,8,184,503,687,FALSE,184,159,-25
710001,4,93,264,357,FALSE,93,85,-8
710001,8,84,294,378,FALSE,84,104,20
710002,4,212,226,438,FALSE,212,6,-206
710002,8,213,233,446,FALSE,213,9,-204
710003,4,156,154,310,TRUE,0,154,154
710003,8,127,134,261,FALSE,127,3,-124
710004,4,189,1246,1435,FALSE,189,528,339
710004,8,214,1517,1731,FALSE,214,651,437
710005,4,244,1010,1254,FALSE,244,382,138
710005,8,259,1307,1566,FALSE,259,523,264
710006,4,458,1016,1474,FALSE,458,278,-180
710006,8,497,975,1472,FALSE,497,238,-259
710007,4,376,853,1229,FALSE,376,238,-138
710007,8,260,877,1137,FALSE,260,308,48
710008,4,120,935,1055,FALSE,120,407,287
710008,8,224,1455,1679,FALSE,224,615,391
710009,4,61,145,206,FALSE,61,41,-20
710009,8,43,152,195,FALSE,43,54,11
710010,4,230,760,990,FALSE,230,264,34
710010,8,196,876,1072,FALSE,196,339,143
710011,4,505,1476,1981,FALSE,505,485,-20
710011,8,796,1697,2493,FALSE,796,450,-346
710012,4,309,533,842,FALSE,309,111,-198
710012,8,275,471,746,FALSE,275,97,-178
710013,4,0,0,0,FALSE,0,-1,-1
710013,8,0,0,0,FALSE,0,-1,-1
730010,4,61,215,276,FALSE,61,76,15
730010,8,52,218,270,FALSE,52,82,30
730011,4,138,239,377,FALSE,138,50,-88
730011,8,152,278,430,FALSE,152,62,-90
730012,4,161,391,552,FALSE,161,114,-47
730012,8,158,377,535,FALSE,158,109,-49
730013,4,38,126,164,FALSE,38,43,5
730013,8,27,137,164,FALSE,27,54,27
730014,4,101,551,652,FALSE,101,224,123
730014,8,117,628,745,FALSE,117,255,138
730015,4,390,1397,1787,FALSE,390,503,113
730015,8,429,1351,1780,FALSE,429,460,31
730016,4,85,400,485,FALSE,85,157,72
730016,8,70,412,482,FALSE,70,170,100
730023,4,119,457,576,FALSE,119,168,49
730023,8,98,501,599,FALSE,98,201,103
730024,4,274,602,876,FALSE,274,163,-111
730024,8,291,599,890,FALSE,291,153,-138
730025,4,125,229,354,FALSE,125,51,-74
730025,8,109,241,350,FALSE,109,65,-44
730026,4,174,404,578,FALSE,174,114,-60
730026,8,204,368,572,FALSE,204,81,-123
730027,4,237,505,742,FALSE,237,133,-104
730027,8,274,528,802,FALSE,274,126,-148
730028,4,61,250,311,FALSE,61,94,33
730028,8,34,265,299,FALSE,34,115,81
730029,4,47,125,172,FALSE,47,38,-9
730029,8,51,143,194,FALSE,51,45,-6
730032,4,101,337,438,FALSE,101,117,16
730032,8,95,366,461,FALSE,95,135,40
730033,4,159,448,607,FALSE,159,144,-15
730033,8,220,549,769,FALSE,220,164,-56
730034,4,102,458,560,FALSE,102,177,75
730034,8,86,547,633,FALSE,86,230,144
730035,4,168,309,477,FALSE,168,70,-98
730035,8,182,327,509,FALSE,182,72,-110
730036,4,290,903,1193,FALSE,290,306,16
730036,8,288,901,1189,FALSE,288,306,18
730037,4,134,180,314,FALSE,134,22,-112
730037,8,134,163,297,FALSE,134,14,-120
730038,4,254,419,673,FALSE,254,82,-172
730038,8,298,341,639,FALSE,298,21,-277
730042,4,480,232,712,TRUE,123,232,109
730042,8,572,190,762,TRUE,190,190,0
730043,4,243,514,757,FALSE,243,135,-108
730043,8,254,438,692,FALSE,254,91,-163
730044,4,134,544,678,FALSE,134,204,70
730044,8,100,681,781,FALSE,100,290,190
730045,4,155,335,490,FALSE,155,89,-66
730045,8,154,279,433,FALSE,154,62,-92
730046,4,82,335,417,FALSE,82,126,44
730046,8,61,406,467,FALSE,61,172,111
730047,4,53,197,250,FALSE,53,71,18
730047,8,61,194,255,FALSE,61,66,5
730048,4,73,224,297,FALSE,73,75,2
730048,8,39,267,306,FALSE,39,113,74
750101,4,98,351,449,FALSE,98,126,28
750101,8,80,350,430,FALSE,80,134,54
750201,4,160,476,636,FALSE,160,157,-3
750201,8,127,484,611,FALSE,127,178,51
750301,4,111,331,442,FALSE,111,109,-2
750301,8,137,353,490,FALSE,137,107,-30
750401,4,142,471,613,FALSE,142,164,22
750401,8,153,595,748,FALSE,153,220,67
770001,4,209,475,684,FALSE,209,132,-77
770001,8,161,480,641,FALSE,161,159,-2
770006,4,96,264,360,FALSE,96,83,-13
770006,8,83,244,327,FALSE,83,80,-3
770008,4,148,426,574,FALSE,148,138,-10
770008,8,129,415,544,FALSE,129,142,13
770009,4,86,258,344,FALSE,86,85,-1
770009,8,84,269,353,FALSE,84,92,8
770010,4,35,142,177,FALSE,35,53,18
770010,8,27,146,173,FALSE,27,59,32
770011,4,110,348,458,FALSE,110,118,8
770011,8,112,488,600,FALSE,112,187,75
770012,4,79,225,304,FALSE,79,72,-7
770012,8,48,174,222,FALSE,48,62,14
770013,4,35,84,119,FALSE,35,24,-11
770013,8,34,78,112,FALSE,34,21,-13
770014,4,29,94,123,FALSE,29,32,3
770014,8,23,109,132,FALSE,23,42,19
770015,4,77,189,266,FALSE,77,55,-22
770015,8,47,219,266,FALSE,47,85,38
770017,4,139,490,629,FALSE,139,175,36
770017,8,141,517,658,FALSE,141,187,46
770020,4,71,268,339,FALSE,71,98,27
770020,8,43,310,353,FALSE,43,133,90
770024,4,48,184,232,FALSE,48,67,19
770024,8,42,215,257,FALSE,42,86,44
770026,4,23,120,143,FALSE,23,48,25
770026,8,25,124,149,FALSE,25,49,24
770027,4,106,265,371,FALSE,106,79,-27
770027,8,79,274,353,FALSE,79,97,18
770032,4,7,132,139,FALSE,7,62,55
770032,8,7,152,159,FALSE,7,72,65
790101,4,82,226,308,FALSE,82,71,-11
790101,8,85,198,283,FALSE,85,56,-29
790202,4,57,235,292,FALSE,57,88,31
790202,8,59,244,303,FALSE,59,92,33
790303,4,19,59,78,FALSE,19,19,0
790303,8,12,53,65,FALSE,12,20,8
790306,4,42,198,240,FALSE,42,77,35
790306,8,52,168,220,FALSE,52,57,5
790404,4,49,138,187,FALSE,49,44,-5
790404,8,76,95,171,FALSE,76,9,-67
810001,4,59,426,485,FALSE,59,183,124
810001,8,66,398,464,FALSE,66,165,99
810002,4,85,293,378,FALSE,85,103,18
810002,8,75,301,376,FALSE,75,112,37
810003,4,71,309,380,FALSE,71,118,47
810003,8,78,289,367,FALSE,78,105,27
810004,4,51,310,361,FALSE,51,129,78
810004,8,80,264,344,FALSE,80,91,11
830001,4,165,694,859,FALSE,165,264,99
830001,8,147,687,834,FALSE,147,269,122
830002,4,179,573,752,FALSE,179,196,17
830002,8,141,515,656,FALSE,141,186,45
830003,4,175,723,898,FALSE,175,273,98
830003,8,149,670,819,FALSE,149,260,111
830004,4,210,811,1021,FALSE,210,300,90
830004,8,146,889,1035,FALSE,146,371,225
83002,4,49,235,284,FALSE,49,92,43
83002,8,60,250,310,FALSE,60,94,34
850001,4,301,628,929,FALSE,301,163,-138
850001,8,614,930,1544,FALSE,614,157,-457
850002,4,452,990,1442,FALSE,452,268,-184
850002,8,734,856,1590,FALSE,734,60,-674
850003,4,474,205,679,TRUE,134,205,71
850003,8,552,184,736,TRUE,183,184,1
850004,4,137,327,464,FALSE,137,94,-43
850004,8,157,493,650,FALSE,157,167,10
850005,4,149,553,702,FALSE,149,201,52
850005,8,233,651,884,FALSE,233,208,-25
850006,4,490,1201,1691,FALSE,490,355,-135
850006,8,1025,1753,2778,FALSE,1025,363,-662
850007,4,268,710,978,FALSE,268,220,-48
850007,8,459,665,1124,FALSE,459,102,-357
850008,4,347,1063,1410,FALSE,347,357,10
850008,8,378,976,1354,FALSE,378,298,-80
850009,4,399,1229,1628,FALSE,399,414,15
850009,8,585,1429,2014,FALSE,585,421,-164
850010,4,56,209,265,FALSE,56,76,20
850010,8,89,269,358,FALSE,89,89,0
850011,4,523,1585,2108,FALSE,523,530,7
850011,8,577,1581,2158,FALSE,577,501,-76
850012,4,600,2246,2846,FALSE,600,822,222
850012,8,942,2377,3319,FALSE,942,717,-225
850013,4,152,627,779,FALSE,152,237,85
850013,8,386,1042,1428,FALSE,386,327,-59
850014,4,266,473,739,FALSE,266,103,-163
850014,8,644,763,1407,FALSE,644,59,-585
850015,4,361,543,904,FALSE,361,90,-271
850015,8,552,813,1365,FALSE,552,130,-422
850016,4,305,1015,1320,FALSE,305,354,49
850016,8,585,1576,2161,FALSE,585,495,-90
850017,4,103,338,441,FALSE,103,117,14
850017,8,245,546,791,FALSE,245,150,-95
850018,4,106,320,426,FALSE,106,106,0
850018,8,117,338,455,FALSE,117,110,-7
850019,4,363,877,1240,FALSE,363,256,-107
850019,8,652,1223,1875,FALSE,652,285,-367
850020,4,123,503,626,FALSE,123,189,66
850020,8,182,601,783,FALSE,182,209,27
850021,4,791,1772,2563,FALSE,791,490,-301
850021,8,1209,1964,3173,FALSE,1209,377,-832
850022,4,320,1363,1683,FALSE,320,521,201
850022,8,438,1570,2008,FALSE,438,565,127
850023,4,243,173,416,TRUE,34,173,139
850023,8,547,530,1077,TRUE,8,530,522
850024,4,532,743,1275,FALSE,532,105,-427
850024,8,930,839,1769,TRUE,45,839,794
850025,4,476,1230,1706,FALSE,476,376,-100
850025,8,1217,1907,3124,FALSE,1217,344,-873
850026,4,333,696,1029,FALSE,333,181,-152
850026,8,385,582,967,FALSE,385,98,-287
850027,4,216,694,910,FALSE,216,238,22
850027,8,495,949,1444,FALSE,495,226,-269
850028,4,517,1131,1648,FALSE,517,306,-211
850028,8,755,1104,1859,FALSE,755,174,-581
850029,4,196,1002,1198,FALSE,196,402,206
850029,8,517,1896,2413,FALSE,517,689,172
850030,4,541,1824,2365,FALSE,541,641,100
850030,8,892,1864,2756,FALSE,892,485,-407
850031,4,424,1151,1575,FALSE,424,363,-61
850031,8,502,1028,1530,FALSE,502,262,-240
850032,4,523,1316,1839,FALSE,523,396,-127
850032,8,667,1062,1729,FALSE,667,197,-470
850033,4,193,823,1016,FALSE,193,314,121
850033,8,371,1145,1516,FALSE,371,386,15
850034,4,769,1571,2340,FALSE,769,400,-369
850034,8,1051,1318,2369,FALSE,1051,133,-918
850035,4,329,1105,1434,FALSE,329,387,58
850035,8,401,1242,1643,FALSE,401,420,19
850036,4,408,1117,1525,FALSE,408,354,-54
850036,8,400,1004,1404,FALSE,400,301,-99
850037,4,282,901,1183,FALSE,282,309,27
850037,8,270,970,1240,FALSE,270,349,79
850038,4,74,297,371,FALSE,74,111,37
850038,8,1023,1507,2530,FALSE,1023,241,-782
850039,4,657,1101,1758,FALSE,657,221,-436
850039,8,779,930,1709,FALSE,779,75,-704
850040,4,487,1847,2334,FALSE,487,679,192
850040,8,640,1558,2198,FALSE,640,458,-182
850041,4,187,1041,1228,FALSE,187,426,239
850041,8,277,1200,1477,FALSE,277,461,184
850042,4,63,139,202,FALSE,63,37,-26
850042,8,114,286,400,FALSE,114,85,-29
850043,4,613,1478,2091,FALSE,613,432,-181
850043,8,1163,1491,2654,FALSE,1163,163,-1000
850044,4,372,706,1078,FALSE,372,166,-206
850044,8,421,572,993,FALSE,421,75,-346
850045,4,78,335,413,FALSE,78,128,50
850045,8,166,567,733,FALSE,166,200,34
850046,4,598,851,1449,FALSE,598,126,-472
850046,8,741,672,1413,TRUE,34,672,638
850047,4,563,1158,1721,FALSE,563,297,-266
850047,8,677,959,1636,FALSE,677,140,-537
850048,4,681,1443,2124,FALSE,681,380,-301
850048,8,796,1261,2057,FALSE,796,232,-564
850049,4,346,1008,1354,FALSE,346,330,-16
850049,8,449,961,1410,FALSE,449,255,-194
850050,4,390,528,918,FALSE,390,68,-322
850050,8,692,507,1199,TRUE,92,507,415
850051,4,313,458,771,FALSE,313,72,-241
850051,8,412,367,779,TRUE,22,367,345
850052,4,624,981,1605,FALSE,624,178,-446
850052,8,972,814,1786,TRUE,78,814,736
850053,4,425,1223,1648,FALSE,425,398,-27
850053,8,524,1063,1587,FALSE,524,269,-255
850054,4,710,939,1649,FALSE,710,114,-596
850054,8,877,768,1645,TRUE,54,768,714
850055,4,443,898,1341,FALSE,443,227,-216
850055,8,637,922,1559,FALSE,637,142,-495
850056,4,437,1697,2134,FALSE,437,629,192
850056,8,946,2100,3046,FALSE,946,576,-370
850057,4,609,1744,2353,FALSE,609,567,-42
850057,8,973,1558,2531,FALSE,973,292,-681
850058,4,653,1275,1928,FALSE,653,310,-343
850058,8,970,1186,2156,FALSE,970,107,-863
850059,4,576,1628,2204,FALSE,576,525,-51
850059,8,843,1498,2341,FALSE,843,327,-516
850060,4,141,773,914,FALSE,141,315,174
850060,8,274,881,1155,FALSE,274,303,29
850061,4,301,879,1180,FALSE,301,288,-13
850061,8,368,747,1115,FALSE,368,189,-179
850062,4,587,1165,1752,FALSE,587,288,-299
850062,8,718,974,1692,FALSE,718,127,-591
850063,4,383,1166,1549,FALSE,383,391,8
850063,8,499,994,1493,FALSE,499,247,-252
850064,4,641,1211,1852,FALSE,641,284,-357
850064,8,775,1058,1833,FALSE,775,141,-634
850065,4,222,600,822,FALSE,222,188,-34
850065,8,305,524,829,FALSE,305,109,-196
850066,4,443,935,1378,FALSE,443,245,-198
850066,8,546,757,1303,FALSE,546,105,-441
850067,4,338,850,1188,FALSE,338,255,-83
850067,8,394,776,1170,FALSE,394,190,-204
850068,4,391,876,1267,FALSE,391,242,-149
850068,8,493,750,1243,FALSE,493,128,-365
850069,4,815,1890,2705,FALSE,815,537,-278
850069,8,975,1601,2576,FALSE,975,312,-663
850070,4,358,967,1325,FALSE,358,304,-54
850070,8,425,824,1249,FALSE,425,199,-226
850071,4,430,787,1217,FALSE,430,178,-252
850071,8,424,720,1144,FALSE,424,147,-277
850072,4,330,724,1054,FALSE,330,196,-134
850072,8,370,628,998,FALSE,370,128,-242
850073,4,432,537,969,FALSE,432,52,-380
850073,8,562,436,998,TRUE,62,436,374
850074,4,385,634,1019,FALSE,385,124,-261
850074,8,508,676,1184,FALSE,508,83,-425
850075,4,302,998,1300,FALSE,302,347,45
850075,8,350,870,1220,FALSE,350,259,-91
850076,4,554,1551,2105,FALSE,554,498,-56
850076,8,752,1359,2111,FALSE,752,303,-449
850077,4,749,1354,2103,FALSE,749,302,-447
850077,8,1051,1212,2263,FALSE,1051,80,-971
850078,4,374,873,1247,FALSE,374,249,-125
850078,8,425,787,1212,FALSE,425,180,-245
850079,4,590,1010,1600,FALSE,590,209,-381
850079,8,702,892,1594,FALSE,702,94,-608
850080,4,596,1613,2209,FALSE,596,508,-88
850080,8,960,1444,2404,FALSE,960,241,-719
850081,4,628,1116,1744,FALSE,628,243,-385
850081,8,798,953,1751,FALSE,798,77,-721
850082,4,480,1113,1593,FALSE,480,316,-164
850082,8,662,950,1612,FALSE,662,143,-519
850083,4,453,1926,2379,FALSE,453,736,283
850083,8,773,1885,2658,FALSE,773,555,-218
850084,4,432,1006,1438,FALSE,432,286,-146
850084,8,567,962,1529,FALSE,567,197,-370
850085,4,700,1312,2012,FALSE,700,305,-395
850085,8,900,1071,1971,FALSE,900,85,-815
850086,4,551,1390,1941,FALSE,551,419,-132
850086,8,647,1185,1832,FALSE,647,268,-379
850087,4,186,725,911,FALSE,186,269,83
850087,8,583,1119,1702,FALSE,583,267,-316
850088,4,400,414,814,FALSE,400,6,-394
850088,8,723,384,1107,TRUE,169,384,215
850089,4,992,1922,2914,FALSE,992,464,-528
850089,8,1265,1692,2957,FALSE,1265,213,-1052
850090,4,343,1593,1936,FALSE,343,624,281
850090,8,481,1442,1923,FALSE,481,480,-1
850091,4,464,1063,1527,FALSE,464,299,-165
850091,8,581,927,1508,FALSE,581,172,-409
850092,4,421,1060,1481,FALSE,421,319,-102
850092,8,676,1090,1766,FALSE,676,206,-470
850093,4,22,140,162,FALSE,22,58,36
850093,8,29,140,169,FALSE,29,55,26
850094,4,781,1724,2505,FALSE,781,471,-310
850094,8,1136,1639,2775,FALSE,1136,251,-885
850095,4,587,1178,1765,FALSE,587,295,-292
850095,8,790,1090,1880,FALSE,790,149,-641
850096,4,65,136,201,FALSE,65,35,-30
850096,8,254,212,466,TRUE,20,212,192
850097,4,171,846,1017,FALSE,171,337,166
850097,8,214,741,955,FALSE,214,263,49
850098,4,135,244,379,FALSE,135,54,-81
850098,8,163,232,395,FALSE,163,34,-129
850099,4,125,290,415,FALSE,125,82,-43
850099,8,174,200,374,FALSE,174,12,-162
850100,4,4,16,20,FALSE,4,5,1
850100,8,2,18,20,FALSE,2,7,5
850101,4,470,1600,2070,FALSE,470,564,94
850101,8,656,1309,1965,FALSE,656,326,-330
850102,4,309,1426,1735,FALSE,309,558,249
850102,8,420,1320,1740,FALSE,420,449,29
850103,4,271,457,728,FALSE,271,92,-179
850103,8,364,387,751,FALSE,364,11,-353
850104,4,667,754,1421,FALSE,667,43,-624
850104,8,871,528,1399,TRUE,171,528,357
850105,4,238,462,700,FALSE,238,111,-127
850105,8,252,434,686,FALSE,252,90,-162
850106,4,380,885,1265,FALSE,380,252,-128
850106,8,490,745,1235,FALSE,490,127,-363
850107,4,650,1564,2214,FALSE,650,456,-194
850107,8,863,1338,2201,FALSE,863,237,-626
850108,4,568,1098,1666,FALSE,568,264,-304
850108,8,768,993,1761,FALSE,768,112,-656
850109,4,523,1473,1996,FALSE,523,474,-49
850109,8,708,1367,2075,FALSE,708,329,-379
850110,4,379,921,1300,FALSE,379,270,-109
850110,8,458,832,1290,FALSE,458,186,-272
850111,4,431,1665,2096,FALSE,431,616,185
850111,8,896,2014,2910,FALSE,896,558,-338
850112,4,465,987,1452,FALSE,465,260,-205
850112,8,609,1023,1632,FALSE,609,206,-403
850113,4,421,1226,1647,FALSE,421,402,-19
850113,8,617,1044,1661,FALSE,617,213,-404
850114,4,281,972,1253,FALSE,281,345,64
850114,8,304,965,1269,FALSE,304,330,26
850115,4,610,1107,1717,FALSE,610,248,-362
850115,8,759,1034,1793,FALSE,759,137,-622
850116,4,603,1694,2297,FALSE,603,545,-58
850116,8,1025,1637,2662,FALSE,1025,305,-720
850117,4,549,1391,1940,FALSE,549,420,-129
850117,8,903,1366,2269,FALSE,903,231,-672
850118,4,560,2170,2730,FALSE,560,804,244
850118,8,789,1867,2656,FALSE,789,538,-251
850119,4,964,2390,3354,FALSE,964,712,-252
850119,8,1205,2126,3331,FALSE,1205,460,-745
850120,4,664,1939,2603,FALSE,664,637,-27
850120,8,1112,2107,3219,FALSE,1112,497,-615
850121,4,667,1369,2036,FALSE,667,350,-317
850121,8,1037,1242,2279,FALSE,1037,102,-935
850122,4,386,1733,2119,FALSE,386,673,287
850122,8,678,1901,2579,FALSE,678,611,-67
850123,4,377,903,1280,FALSE,377,262,-115
850123,8,525,875,1400,FALSE,525,174,-351
850124,4,576,1094,1670,FALSE,576,258,-318
850124,8,810,928,1738,FALSE,810,58,-752
850125,4,792,1435,2227,FALSE,792,321,-471
850125,8,1200,1436,2636,FALSE,1200,117,-1083
850126,4,774,2140,2914,FALSE,774,682,-92
850126,8,1530,2449,3979,FALSE,1530,459,-1071
850127,4,469,1280,1749,FALSE,469,405,-64
850127,8,848,1303,2151,FALSE,848,227,-621
850128,4,323,1511,1834,FALSE,323,593,270
850128,8,529,1758,2287,FALSE,529,614,85
850129,4,335,1106,1441,FALSE,335,385,50
850129,8,483,976,1459,FALSE,483,246,-237
850130,4,678,1898,2576,FALSE,678,609,-69
850130,8,1174,1884,3058,FALSE,1174,354,-820
850131,4,500,2120,2620,FALSE,500,809,309
850131,8,895,2304,3199,FALSE,895,704,-191
850132,4,593,1114,1707,FALSE,593,260,-333
850132,8,783,1034,1817,FALSE,783,125,-658
850133,4,220,707,927,FALSE,220,243,23
850133,8,448,786,1234,FALSE,448,168,-280
850134,4,313,918,1231,FALSE,313,302,-11
850134,8,2159,2827,4986,FALSE,2159,333,-1826
850135,4,486,1160,1646,FALSE,486,336,-150
850135,8,874,1182,2056,FALSE,874,153,-721
850136,4,361,759,1120,FALSE,361,198,-163
850136,8,512,759,1271,FALSE,512,123,-389
850137,4,314,917,1231,FALSE,314,301,-13
850137,8,410,816,1226,FALSE,410,202,-208
850138,4,197,741,938,FALSE,197,271,74
850138,8,263,644,907,FALSE,263,190,-73
850139,4,556,1423,1979,FALSE,556,433,-123
850139,8,993,1401,2394,FALSE,993,203,-790
850140,4,610,2576,3186,FALSE,610,982,372
850140,8,1438,3597,5035,FALSE,1438,1079,-359
850141,4,536,1216,1752,FALSE,536,339,-197
850141,8,672,1117,1789,FALSE,672,222,-450
850142,4,680,1178,1858,FALSE,680,248,-432
850142,8,802,982,1784,FALSE,802,89,-713
850143,4,318,901,1219,FALSE,318,291,-27
850143,8,327,860,1187,FALSE,327,266,-61
850144,4,472,1132,1604,FALSE,472,329,-143
850144,8,611,1091,1702,FALSE,611,239,-372
850145,4,193,375,568,FALSE,193,90,-103
850145,8,403,503,906,FALSE,403,49,-354
850146,4,715,1599,2314,FALSE,715,441,-274
850146,8,1123,1585,2708,FALSE,1123,230,-893
850147,4,189,485,674,FALSE,189,147,-42
850147,8,386,532,918,FALSE,386,72,-314
850148,4,3,31,34,FALSE,3,13,10
850148,8,12,40,52,FALSE,12,13,1
850149,4,222,639,861,FALSE,222,208,-14
850149,8,469,809,1278,FALSE,469,169,-300
850150,4,50,152,202,FALSE,50,50,0
850150,8,52,142,194,FALSE,52,44,-8
850151,4,158,293,451,FALSE,158,67,-91
850151,8,325,341,666,FALSE,325,7,-318
850152,4,11,14,25,FALSE,11,1,-10
850152,8,21,9,30,TRUE,5,9,4
850153,4,211,486,697,FALSE,211,137,-74
850153,8,480,771,1251,FALSE,480,145,-335
850154,4,12,10,22,TRUE,0,10,10
850154,8,75,6,81,TRUE,34,6,-28
850155,4,107,369,476,FALSE,107,130,23
850155,8,393,787,1180,FALSE,393,196,-197
850156,4,543,1673,2216,FALSE,543,564,21
850156,8,974,1634,2608,FALSE,974,329,-645
850157,4,81,254,335,FALSE,81,86,5
850157,8,214,391,605,FALSE,214,88,-126
850158,4,247,484,731,FALSE,247,118,-129
850158,8,421,505,926,FALSE,421,41,-380
850159,4,639,1546,2185,FALSE,639,453,-186
850159,8,1313,1919,3232,FALSE,1313,302,-1011
850160,4,3,11,14,FALSE,3,3,0
850160,8,3,14,17,FALSE,3,5,2
850161,4,1,6,7,FALSE,1,2,1
850161,8,2,5,7,FALSE,2,1,-1
850162,4,0,2,2,FALSE,0,0,0
850162,8,4,7,11,FALSE,4,1,-3
850163,4,114,333,447,FALSE,114,109,-5
850163,8,786,1028,1814,FALSE,786,120,-666
850164,4,0,0,0,FALSE,0,-1,-1
850164,8,0,0,0,FALSE,0,-1,-1
850165,4,367,946,1313,FALSE,367,289,-78
850165,8,938,1466,2404,FALSE,938,263,-675
850166,4,7,21,28,FALSE,7,6,-1
850166,8,21,33,54,FALSE,21,5,-16
850167,4,818,1456,2274,FALSE,818,318,-500
850167,8,1970,2331,4301,FALSE,1970,180,-1790
850168,4,258,637,895,FALSE,258,189,-69
850168,8,535,916,1451,FALSE,535,190,-345
850169,4,0,3,3,FALSE,0,1,1
850169,8,3,5,8,FALSE,3,0,-3
850170,4,84,334,418,FALSE,84,124,40
850170,8,188,413,601,FALSE,188,112,-76
850171,4,474,1490,1964,FALSE,474,507,33
850171,8,1243,2277,3520,FALSE,1243,516,-727
850172,4,321,1025,1346,FALSE,321,351,30
850172,8,715,1586,2301,FALSE,715,435,-280
850173,4,17,73,90,FALSE,17,27,10
850173,8,40,100,140,FALSE,40,29,-11
850174,4,405,1310,1715,FALSE,405,452,47
850174,8,926,1779,2705,FALSE,926,426,-500
850175,4,93,227,320,FALSE,93,66,-27
850175,8,193,285,478,FALSE,193,45,-148
850176,4,235,656,891,FALSE,235,210,-25
850176,8,401,637,1038,FALSE,401,117,-284
850177,4,119,461,580,FALSE,119,170,51
850177,8,250,560,810,FALSE,250,154,-96
850178,4,85,433,518,FALSE,85,173,88
850178,8,221,818,1039,FALSE,221,298,77
850179,4,348,1453,1801,FALSE,348,552,204
850179,8,736,2446,3182,FALSE,736,854,118
870101,4,99,295,394,FALSE,99,97,-2
870101,8,66,289,355,FALSE,66,111,45
870102,4,3,77,80,FALSE,3,36,33
870102,8,7,64,71,FALSE,7,28,21
870201,4,83,177,260,FALSE,83,46,-37
870201,8,55,171,226,FALSE,55,57,2
870301,4,73,197,270,FALSE,73,61,-12
870301,8,54,162,216,FALSE,54,53,-1
870302,4,12,48,60,FALSE,12,17,5
870302,8,6,35,41,FALSE,6,14,8
870401,4,60,193,253,FALSE,60,66,6
870401,8,36,171,207,FALSE,36,67,31
870402,4,16,64,80,FALSE,16,23,7
870402,8,9,51,60,FALSE,9,20,11
890101,4,406,908,1314,FALSE,406,250,-156
890101,8,502,934,1436,FALSE,502,215,-287
890102,4,40,132,172,FALSE,40,45,5
890102,8,58,128,186,FALSE,58,34,-24
890103,4,116,344,460,FALSE,116,113,-3
890103,8,102,368,470,FALSE,102,132,30
890201,4,491,1086,1577,FALSE,491,297,-194
890201,8,536,1197,1733,FALSE,536,330,-206
890202,4,71,248,319,FALSE,71,88,17
890202,8,62,266,328,FALSE,62,101,39
890301,4,69,452,521,FALSE,69,191,122
890301,8,85,480,565,FALSE,85,197,112
890302,4,86,440,526,FALSE,86,176,90
890302,8,85,519,604,FALSE,85,216,131
890303,4,39,205,244,FALSE,39,82,43
890303,8,42,246,288,FALSE,42,101,59
890304,4,28,173,201,FALSE,28,72,44
890304,8,22,170,192,FALSE,22,73,51
890305,4,203,621,824,FALSE,203,208,5
890305,8,271,597,868,FALSE,271,162,-109
890401,4,56,126,182,FALSE,56,34,-22
890401,8,52,158,210,FALSE,52,52,0
890402,4,556,753,1309,FALSE,556,98,-458
890402,8,691,732,1423,FALSE,691,20,-671
90001,4,156,608,764,FALSE,156,225,69
90001,8,127,609,736,FALSE,127,240,113
90002,4,114,555,669,FALSE,114,220,106
90002,8,101,599,700,FALSE,101,248,147
90003,4,38,207,245,FALSE,38,84,46
90003,8,30,197,227,FALSE,30,83,53
90004,4,63,370,433,FALSE,63,153,90
90004,8,43,412,455,FALSE,43,184,141
90005,4,34,128,162,FALSE,34,46,12
90005,8,34,127,161,FALSE,34,46,12
90006,4,209,674,883,FALSE,209,232,23
90006,8,158,636,794,FALSE,158,238,80
90007,4,41,132,173,FALSE,41,45,4
90007,8,21,110,131,FALSE,21,44,23
90008,4,32,156,188,FALSE,32,61,29
90008,8,35,192,227,FALSE,35,78,43
90009,4,21,54,75,FALSE,21,16,-5
90009,8,14,54,68,FALSE,14,19,5
90010,4,114,472,586,FALSE,114,178,64
90010,8,132,437,569,FALSE,132,152,20
90011,4,10,48,58,FALSE,10,18,8
90011,8,4,48,52,FALSE,4,21,17
90012,4,12,52,64,FALSE,12,19,7
90012,8,7,72,79,FALSE,7,32,25
90013,4,34,100,134,FALSE,34,32,-2
90013,8,34,102,136,FALSE,34,33,-1
90014,4,0,0,0,FALSE,0,-1,-1
90014,8,0,0,0,FALSE,0,-1,-1
910101,4,562,1957,2519,FALSE,562,697,135
910101,8,724,1836,2560,FALSE,724,555,-169
910103,4,261,1281,1542,FALSE,261,509,248
910103,8,384,1492,1876,FALSE,384,553,169
910104,4,332,998,1330,FALSE,332,332,0
910104,8,292,999,1291,FALSE,292,353,61
910105,4,528,1723,2251,FALSE,528,597,69
910105,8,601,1734,2335,FALSE,601,566,-35
910106,4,347,1594,1941,FALSE,347,623,276
910106,8,331,1205,1536,FALSE,331,436,105
910107,4,342,1568,1910,FALSE,342,612,270
910107,8,738,3017,3755,FALSE,738,1139,401
910201,4,593,2033,2626,FALSE,593,719,126
910201,8,793,1998,2791,FALSE,793,602,-191
910202,4,93,417,510,FALSE,93,161,68
910202,8,213,567,780,FALSE,213,176,-37
910203,4,262,1318,1580,FALSE,262,527,265
910203,8,405,1645,2050,FALSE,405,619,214
910204,4,547,2271,2818,FALSE,547,861,314
910204,8,685,2392,3077,FALSE,685,853,168
910205,4,430,2206,2636,FALSE,430,887,457
910205,8,734,2729,3463,FALSE,734,997,263
910206,4,422,1850,2272,FALSE,422,713,291
910206,8,576,2169,2745,FALSE,576,796,220
910301,4,665,853,1518,FALSE,665,93,-572
910301,8,842,797,1639,TRUE,22,797,775
910302,4,667,1354,2021,FALSE,667,343,-324
910302,8,775,1175,1950,FALSE,775,199,-576
910303,4,287,330,617,FALSE,287,21,-266
910303,8,316,290,606,TRUE,12,290,278
910304,4,389,827,1216,FALSE,389,218,-171
910304,8,467,741,1208,FALSE,467,136,-331
910401,4,268,916,1184,FALSE,268,323,55
910401,8,324,913,1237,FALSE,324,294,-30
910402,4,486,1742,2228,FALSE,486,627,141
910402,8,772,2352,3124,FALSE,772,789,17
910403,4,360,1110,1470,FALSE,360,374,14
910403,8,495,1573,2068,FALSE,495,538,43
910404,4,564,2490,3054,FALSE,564,962,398
910404,8,914,2843,3757,FALSE,914,964,50
910405,4,304,1194,1498,FALSE,304,444,140
910405,8,434,1291,1725,FALSE,434,428,-6
910406,4,444,1542,1986,FALSE,444,548,104
910406,8,568,1475,2043,FALSE,568,453,-115
930001,4,240,724,964,FALSE,240,241,1
930001,8,220,729,949,FALSE,220,254,34
930002,4,166,699,865,FALSE,166,266,100
930002,8,172,676,848,FALSE,172,251,79
930003,4,13,35,48,FALSE,13,10,-3
930003,8,9,49,58,FALSE,9,19,10
930004,4,20,37,57,FALSE,20,8,-12
930004,8,15,35,50,FALSE,15,9,-6
930005,4,122,335,457,FALSE,122,106,-16
930005,8,106,320,426,FALSE,106,106,0
930006,4,61,146,207,FALSE,61,42,-19
930006,8,59,194,253,FALSE,59,67,8
930007,4,44,126,170,FALSE,44,40,-4
930007,8,44,149,193,FALSE,44,52,8
930008,4,11,37,48,FALSE,11,12,1
930008,8,5,28,33,FALSE,5,11,6
930009,4,28,116,144,FALSE,28,43,15
930009,8,29,110,139,FALSE,29,40,11
930013,4,87,188,275,FALSE,87,50,-37
930013,8,74,169,243,FALSE,74,47,-27
930014,4,110,214,324,FALSE,110,51,-59
930014,8,104,223,327,FALSE,104,59,-45
930015,4,384,761,1145,FALSE,384,188,-196
930015,8,397,691,1088,FALSE,397,146,-251
930016,4,34,90,124,FALSE,34,27,-7
930016,8,29,84,113,FALSE,29,27,-2
930019,4,6,33,39,FALSE,6,13,7
930019,8,15,48,63,FALSE,15,16,1
930022,4,81,217,298,FALSE,81,67,-14
930022,8,54,245,299,FALSE,54,95,41
930027,4,24,54,78,FALSE,24,14,-10
930027,8,2,63,65,FALSE,2,30,28
950101,4,46,177,223,FALSE,46,65,19
950101,8,36,154,190,FALSE,36,58,22
950102,4,17,53,70,FALSE,17,17,0
950102,8,14,45,59,FALSE,14,15,1
950203,4,14,82,96,FALSE,14,33,19
950203,8,11,91,102,FALSE,11,39,28
950204,4,27,74,101,FALSE,27,23,-4
950204,8,24,67,91,FALSE,24,21,-3
950205,4,32,65,97,FALSE,32,16,-16
950205,8,23,53,76,FALSE,23,14,-9
950306,4,57,187,244,FALSE,57,64,7
950306,8,67,134,201,FALSE,67,33,-34
950407,4,18,98,116,FALSE,18,39,21
950407,8,13,103,116,FALSE,13,44,31
950408,4,59,175,234,FALSE,59,57,-2
950408,8,65,160,225,FALSE,65,47,-18
970001,4,299,904,1203,FALSE,299,302,3
970001,8,303,766,1069,FALSE,303,231,-72
970002,4,157,276,433,FALSE,157,59,-98
970002,8,146,248,394,FALSE,146,50,-96
970003,4,72,271,343,FALSE,72,99,27
970003,8,47,231,278,FALSE,47,91,44
970004,4,141,323,464,FALSE,141,90,-51
970004,8,135,302,437,FALSE,135,83,-52
970005,4,113,377,490,FALSE,113,131,18
970005,8,116,318,434,FALSE,116,100,-16
970006,4,57,266,323,FALSE,57,104,47
970006,8,47,279,326,FALSE,47,115,68
970007,4,191,667,858,FALSE,191,237,46
970007,8,196,690,886,FALSE,196,246,50
970008,4,95,373,468,FALSE,95,138,43
970008,8,105,450,555,FALSE,105,172,67
970009,4,196,556,752,FALSE,196,179,-17
970009,8,168,623,791,FALSE,168,227,59
970010,4,205,786,991,FALSE,205,290,85
970010,8,201,863,1064,FALSE,201,330,129
970011,4,213,938,1151,FALSE,213,362,149
970011,8,274,977,1251,FALSE,274,351,77
970012,4,94,364,458,FALSE,94,134,40
970012,8,79,405,484,FALSE,79,162,83
970014,4,77,128,205,FALSE,77,25,-52
970014,8,51,138,189,FALSE,51,43,-8
970015,4,20,141,161,FALSE,20,60,40
970015,8,25,118,143,FALSE,25,46,21
970017,4,17,295,312,FALSE,17,138,121
970017,8,36,300,336,FALSE,36,131,95
970018,4,103,1112,1215,FALSE,103,504,401
970018,8,94,1128,1222,FALSE,94,516,422
970019,4,34,153,187,FALSE,34,59,25
970019,8,30,194,224,FALSE,30,81,51
970020,4,86,405,491,FALSE,86,159,73
970020,8,99,399,498,FALSE,99,149,50
970021,4,87,677,764,FALSE,87,294,207
970021,8,86,739,825,FALSE,86,326,240
970022,4,227,1085,1312,FALSE,227,428,201
970022,8,204,1117,1321,FALSE,204,456,252
970030,4,93,237,330,FALSE,93,71,-22
970030,8,79,179,258,FALSE,79,49,-30
970033,4,45,222,267,FALSE,45,88,43
970033,8,49,220,269,FALSE,49,85,36
970034,4,123,110,233,TRUE,6,110,104
970034,8,154,88,242,TRUE,32,88,56
970035,4,108,238,346,FALSE,108,64,-44
970035,8,83,198,281,FALSE,83,57,-26
970037,4,289,1004,1293,FALSE,289,357,68
970037,8,244,901,1145,FALSE,244,328,84
990105,4,497,1228,1725,FALSE,497,365,-132
990105,8,913,1234,2147,FALSE,913,160,-753
990108,4,38,138,176,FALSE,38,49,11
990108,8,29,114,143,FALSE,29,42,13
990109,4,54,156,210,FALSE,54,50,-4
990109,8,41,143,184,FALSE,41,50,9
990110,4,33,173,206,FALSE,33,69,36
990110,8,31,129,160,FALSE,31,48,17
990111,4,39,101,140,FALSE,39,30,-9
990111,8,26,115,141,FALSE,26,44,18
990116,4,56,231,287,FALSE,56,87,31
990116,8,43,228,271,FALSE,43,92,49
990117,4,638,1473,2111,FALSE,638,417,-221
990117,8,888,1373,2261,FALSE,888,242,-646
990122,4,149,369,518,FALSE,149,109,-40
990122,8,280,378,658,FALSE,280,48,-232
990202,4,235,695,930,FALSE,235,229,-6
990202,8,227,700,927,FALSE,227,236,9
990213,4,61,271,332,FALSE,61,104,43
990213,8,71,267,338,FALSE,71,97,26
990219,4,710,1246,1956,FALSE,710,267,-443
990219,8,969,944,1913,TRUE,12,944,932
990221,4,485,857,1342,FALSE,485,185,-300
990221,8,669,652,1321,TRUE,8,652,644
990303,4,406,1523,1929,FALSE,406,558,152
990303,8,432,1562,1994,FALSE,432,564,132
990312,4,34,134,168,FALSE,34,49,15
990312,8,20,135,155,FALSE,20,57,37
990314,4,57,166,223,FALSE,57,54,-3
990314,8,44,171,215,FALSE,44,63,19
990315,4,90,285,375,FALSE,90,97,7
990315,8,95,268,363,FALSE,95,86,-9
990320,4,73,76,149,FALSE,73,1,-72
990320,8,47,22,69,TRUE,12,22,10
990401,4,613,1316,1929,FALSE,613,351,-262
990401,8,848,1288,2136,FALSE,848,219,-629
990404,4,360,965,1325,FALSE,360,302,-58
990404,8,365,930,1295,FALSE,365,282,-83
990406,4,44,204,248,FALSE,44,79,35
990406,8,48,189,237,FALSE,48,70,22
990407,4,29,93,122,FALSE,29,31,2
990407,8,28,109,137,FALSE,28,40,12
990418,4,387,659,1046,FALSE,387,135,-252
990418,8,505,599,1104,FALSE,505,46,-459
